1000 100
33 73
2 4
98 59
89 5
53 43
89 68
54 16
84 97
3 79
16 8
54 9
54 7
7 62
12 5
91 96
31 78
94 34
56 47
40 70
98 34
92 85
12 75
64 8
74 38
19 70
72 83
17 97
98 92
96 68
31 69
98 53
29 95
60 95
94 39
67 76
5 12
15 65
25 22
12 98
32 96
76 26
62 99
83 15
72 52
15 25
58 3
44 96
28 36
27 66
99 96
71 48
17 16
12 30
63 87
63 68
63 79
37 71
6 75
35 32
62 63
3 57
52 54
46 58
64 11
44 52
41 73
98 43
17 35
27 10
61 41
100 12
23 57
25 10
67 34
67 16
76 30
56 27
92 24
32 95
37 33
75 18
57 56
66 74
97 17
76 47
85 32
63 88
40 13
76 96
59 30
69 55
54 62
88 78
88 77
8 100
99 83
63 59
63 65
12 11
13 72
69 48
72 97
76 48
99 72
91 9
8 38
89 10
97 78
85 18
38 65
55 35
21 2
5 47
94 4
6 30
87 55
96 70
32 15
82 4
46 65
79 11
94 64
12 79
84 54
57 59
34 21
40 19
25 7
40 79
74 76
17 65
89 95
54 85
27 46
8 29
59 25
79 85
78 100
34 40
86 79
26 68
85 47
93 23
68 2
80 31
4 80
80 25
3 13
30 16
100 46
20 10
26 43
71 71
88 45
55 74
27 19
46 62
71 84
21 48
4 1
31 36
58 56
35 71
76 33
32 70
20 22
38 12
15 36
17 14
93 98
83 67
93 74
76 54
81 69
71 12
30 75
50 90
45 98
15 94
12 57
73 31
69 35
51 57
98 6
52 70
48 62
63 89
48 89
55 84
61 55
66 25
13 58
63 45
67 49
91 11
34 46
51 84
78 92
36 28
13 90
70 58
73 15
87 6
43 50
61 98
30 37
90 94
95 91
64 90
95 78
95 65
5 58
70 10
79 73
73 30
7 78
83 6
57 9
21 59
7 100
64 57
64 90
53 13
5 33
7 6
37 38
85 42
71 16
39 34
36 73
32 21
33 6
46 39
1 45
49 73
32 48
68 13
19 58
23 65
11 12
32 11
20 58
88 4
64 35
6 80
72 55
44 7
38 15
60 37
36 13
61 76
100 70
11 8
37 26
37 72
84 21
35 62
57 3
45 4
66 7
4 90
61 17
18 24
82 25
18 43
89 41
47 31
99 69
83 98
88 39
38 98
89 90
81 19
93 41
66 53
48 3
20 33
16 40
18 100
24 43
41 52
28 38
55 52
42 77
26 27
69 4
24 80
65 60
71 17
73 91
94 25
46 50
74 71
29 19
93 61
100 51
23 54
14 19
88 97
37 8
6 9
97 50
37 11
83 6
60 2
91 20
95 4
92 43
99 79
78 36
63 99
60 83
65 24
50 40
4 84
83 85
99 97
18 91
78 82
92 60
50 18
17 26
67 93
83 17
9 73
74 23
89 49
69 40
26 5
67 33
48 38
48 28
57 61
95 82
85 40
56 24
83 9
90 58
18 61
98 42
90 15
9 8
31 19
88 46
11 64
39 74
63 45
94 60
91 35
71 65
39 35
80 36
81 69
100 13
18 46
3 13
10 3
57 54
63 61
77 34
13 71
94 100
88 70
29 91
84 14
52 13
51 56
63 24
21 15
32 68
34 18
69 54
24 89
72 6
90 89
74 1
77 46
90 55
82 76
31 89
81 11
61 90
41 8
95 8
2 75
6 11
55 80
7 59
73 9
10 65
53 89
23 9
34 64
85 45
40 82
81 58
49 29
42 93
95 9
56 13
32 88
98 87
46 25
82 11
92 26
97 93
48 44
3 8
22 32
68 49
48 31
6 1
95 42
93 72
55 59
8 80
87 13
94 1
46 10
53 9
3 51
43 94
1 14
5 94
28 39
43 61
84 58
20 11
85 39
52 36
88 77
5 27
17 81
69 77
51 85
68 39
47 30
75 92
65 76
26 36
95 87
39 2
27 94
13 43
44 26
10 4
92 9
90 14
97 69
77 54
60 51
77 10
85 28
85 30
100 26
41 85
99 9
66 12
50 10
55 28
77 10
15 11
27 9
93 34
60 17
50 88
29 33
81 91
20 6
19 14
73 5
9 23
1 17
47 17
8 27
63 100
83 18
69 43
48 48
40 16
38 86
25 39
99 84
39 51
82 63
60 40
15 42
52 37
35 46
11 11
52 61
36 50
73 87
7 68
41 10
61 86
15 35
46 12
33 20
55 5
87 14
55 73
99 38
18 80
59 77
97 26
2 68
1 85
83 66
12 13
58 66
30 61
17 16
98 69
7 1
11 7
23 13
90 25
77 100
38 96
41 45
18 42
35 93
31 7
39 8
21 66
71 95
59 67
83 79
100 26
44 19
90 97
76 60
55 49
15 54
47 80
66 61
12 7
63 69
84 42
4 1
13 19
93 44
87 66
46 75
50 80
95 46
93 88
6 39
22 98
80 94
33 28
92 22
79 70
14 85
3 46
81 9
1 15
81 17
39 94
75 33
49 9
4 100
77 83
40 2
76 99
58 48
83 65
84 98
20 1
97 26
80 11
80 80
81 95
73 38
34 86
60 72
28 45
64 55
52 16
84 73
14 24
68 51
26 39
33 7
88 7
56 73
38 89
69 15
50 30
40 55
17 26
42 84
51 36
63 78
6 53
81 73
25 98
86 61
26 41
35 54
44 89
47 8
60 96
91 65
36 4
100 80
79 84
29 35
15 48
44 7
9 67
18 32
71 39
19 97
25 36
57 65
59 82
45 77
6 30
53 4
31 24
47 4
25 67
33 64
91 50
98 22
53 37
28 3
40 35
43 53
68 88
12 10
48 83
92 67
86 74
70 97
39 83
93 80
31 31
76 74
36 24
79 74
71 21
51 10
87 7
92 19
86 100
93 81
44 9
75 12
26 29
58 64
80 41
48 70
71 35
71 59
77 10
43 92
3 27
57 6
12 62
52 50
47 72
9 38
67 8
23 88
7 1
75 27
81 1
99 95
24 65
81 27
85 50
30 65
22 22
69 5
92 43
21 97
77 83
77 12
85 73
84 98
92 47
20 62
93 11
44 1
85 39
19 87
38 23
79 32
5 90
87 73
4 13
22 28
65 70
38 44
83 11
3 81
16 86
81 32
1 17
76 19
47 19
29 62
84 89
53 42
73 66
33 11
94 18
53 64
57 66
80 96
39 67
67 100
8 5
64 82
49 89
82 34
28 36
27 52
2 95
90 47
43 76
67 39
34 8
15 59
78 13
84 56
39 38
8 63
23 39
84 75
45 56
98 86
2 23
68 48
6 20
11 24
75 42
34 53
28 64
5 64
12 61
2 29
31 53
95 33
53 34
99 71
9 33
72 99
15 56
43 88
55 26
72 15
20 52
66 57
78 43
23 91
20 48
60 61
21 40
37 84
67 94
6 88
69 9
24 27
66 75
80 49
7 76
40 89
62 91
20 11
29 48
75 100
74 59
3 89
77 77
42 75
6 57
36 14
45 29
84 23
17 27
91 34
14 29
81 14
96 4
39 21
6 67
81 67
72 69
5 84
51 30
47 84
13 27
14 34
4 18
17 61
14 25
68 27
53 61
69 13
98 90
99 85
41 9
40 79
87 5
91 65
24 35
50 3
55 79
42 47
56 28
2 16
89 98
49 90
94 73
75 15
4 12
36 77
54 2
69 57
85 20
59 51
49 57
84 73
59 31
9 36
37 84
65 79
20 24
54 36
85 77
6 45
2 61
8 18
73 2
77 37
94 56
66 72
12 6
58 37
35 73
68 57
57 24
62 8
8 93
44 41
28 40
68 80
39 96
32 84
4 68
89 35
16 99
48 38
77 69
9 32
87 71
2 95
41 78
47 5
17 88
62 31
15 84
63 17
67 17
39 4
19 18
46 12
21 66
42 88
30 69
19 13
89 1
90 70
13 71
62 44
82 49
78 78
6 90
66 84
38 24
75 57
16 1
52 59
91 49
62 19
37 30
64 1
92 36
89 70
41 66
11 50
63 28
70 75
23 41
29 93
91 69
96 26
31 51
39 84
84 14
55 15
62 5
75 88
48 65
97 13
62 51
64 35
89 97
56 19
64 95
16 49
47 2
98 4
31 91
11 10
86 88
38 42
3 88
82 68
64 70
89 28
32 9
20 82
49 65
17 25
97 84
9 63
31 43
69 15
3 65
85 28
58 91
62 4
74 23
26 80
38 11
62 87
19 70
31 49
82 2
47 81
2 10
28 61
84 32
8 2
50 19
44 93
65 39
68 10
4 81
67 24
7 51
70 84
94 57
100 26
30 38
8 1
14 17
56 76
79 47
36 18
68 6
37 22
21 75
26 29
62 100
81 67
89 19
69 53
35 17
82 15
1 4
1 69
12 5
63 35
34 81
72 44
59 97
48 58
77 46
74 44
56 7
51 47
19 44
94 27
60 1
48 61
81 42
48 30
70 77
61 43
51 61
32 77
45 48
59 53
18 54
387 477
407 505
287 338
390 446
281 349
421 508
410 466
468 541
343 420
474 549
284 336
320 390
333 403
470 579
288 357
405 481
302 354
313 366
411 484
283 344
404 467
522 599
273 336
422 525
414 494
423 506
279 345
275 340
325 382
538 610
363 438
484 552
313 357
289 339
293 344
383 475
484 593
342 412
406 467
483 553
363 430
322 374
469 543
491 552
365 410
433 504
432 519
474 586
299 372
319 390
414 471
451 558
515 577
349 393
527 595
493 589
315 369
274 334
395 459
285 348
335 396
338 416
370 457
343 414
331 387
293 336
323 375
474 537
520 609
477 593
363 417
459 552
439 541
475 581
422 498
300 372
468 577
313 380
513 604
373 432
438 535
445 543
339 393
512 603
305 349
295 353
389 464
315 384
485 555
481 555
520 582
485 582
369 447
310 375
398 477
380 429
478 583
367 433
495 598
462 552
