300 30
16 84
71 87
94 10
18 85
48 43
77 42
27 37
27 78
61 72
30 18
61 76
38 43
18 78
10 18
8 1
18 83
67 14
50 62
5 91
90 48
15 91
80 2
78 11
68 13
62 96
32 51
76 30
32 82
37 38
74 31
14 8
56 32
27 82
85 17
88 21
63 70
49 61
28 80
37 72
3 91
23 16
67 85
66 57
42 84
56 81
44 18
78 65
62 71
93 12
40 36
34 89
29 29
70 81
70 45
30 58
16 43
21 53
41 51
24 100
56 38
99 66
38 48
6 23
99 4
38 78
42 67
5 24
50 90
72 90
82 38
71 65
20 1
57 55
43 79
47 16
89 33
96 67
33 63
8 77
76 56
78 69
11 65
46 63
17 20
74 88
64 62
51 17
62 88
35 52
93 93
80 16
4 72
23 23
2 17
5 43
15 7
62 31
71 89
30 21
90 97
28 89
31 86
74 97
88 15
19 4
97 21
1 51
52 19
82 7
13 18
60 90
19 16
7 24
12 16
37 87
3 17
9 80
11 72
15 76
21 3
85 21
2 44
64 54
49 28
26 42
2 94
8 33
48 4
39 62
54 69
68 45
98 56
52 93
27 59
59 9
32 18
33 76
86 27
9 96
7 91
11 66
70 34
27 50
15 80
63 56
30 94
94 83
10 84
95 9
65 86
1 55
78 35
100 36
70 15
12 27
4 89
57 99
73 90
63 85
67 45
38 25
5 33
46 9
73 28
38 70
19 36
33 15
27 91
100 68
87 29
63 25
49 2
53 50
3 74
71 81
66 10
10 24
21 86
87 14
31 31
27 63
75 76
27 56
51 15
65 74
7 47
23 9
46 85
68 21
67 27
93 77
8 46
75 94
62 92
95 7
35 77
65 54
35 17
20 15
49 26
13 100
74 25
57 42
94 43
7 21
48 93
64 23
25 87
98 8
81 4
47 27
25 74
89 12
61 3
39 69
6 100
58 43
90 57
88 67
35 64
2 69
34 67
52 11
50 40
85 54
5 85
25 49
6 69
19 56
15 39
79 19
15 54
85 79
56 56
63 27
55 69
43 62
30 76
83 18
9 78
95 66
53 59
16 85
32 56
15 33
14 31
90 53
9 15
64 50
13 94
63 29
29 97
10 17
14 53
10 9
7 73
34 44
83 51
58 69
52 71
74 55
1 13
41 26
97 72
74 61
90 94
81 32
67 15
30 75
79 6
35 30
56 61
3 80
84 74
77 68
25 50
79 13
54 96
21 16
59 88
55 89
91 29
42 26
30 1
69 54
29 22
79 75
14 61
7 27
42 84
81 34
56 57
46 63
35 15
40 85
45 10
70 88
82 66
39 56
44 33
359 413
380 448
333 393
435 538
429 501
313 367
374 420
276 338
405 484
362 426
432 491
367 412
385 432
417 485
324 403
351 436
368 450
463 530
417 480
300 346
269 308
257 311
282 322
346 422
364 437
421 496
291 350
384 470
442 546
451 544
