1000 100
55 48
92 41
62 62
89 24
3 17
46 29
83 91
73 56
50 28
47 79
65 20
52 72
74 23
33 20
32 3
58 38
45 88
17 76
50 99
80 2
25 88
32 75
38 45
89 90
96 6
44 56
25 85
58 90
90 55
74 18
97 10
36 77
95 25
22 84
72 89
17 37
2 89
20 33
17 27
76 14
6 44
94 68
47 15
60 60
26 25
98 96
90 86
8 82
49 51
98 61
75 67
60 46
78 62
17 92
80 61
75 76
38 90
73 89
33 49
56 44
91 83
99 33
7 10
16 57
53 80
25 28
72 34
30 59
72 81
9 19
38 46
76 33
28 74
33 43
32 97
66 83
96 92
96 83
41 32
45 67
54 62
16 14
63 58
89 86
34 78
32 94
21 93
26 28
36 52
61 75
25 35
53 60
40 86
5 72
34 98
44 26
64 98
97 44
64 94
57 93
99 60
49 98
90 83
24 6
37 84
44 36
65 29
23 70
67 75
31 52
45 62
46 9
97 56
19 38
51 83
58 47
19 99
19 42
15 71
60 61
55 61
51 49
7 72
87 88
4 92
79 38
30 75
20 28
63 42
23 39
1 96
60 18
34 62
89 78
64 4
79 53
4 12
63 35
19 63
65 43
52 10
83 16
82 62
59 92
72 72
36 40
42 26
55 64
17 85
58 97
94 43
13 47
33 45
37 46
72 32
51 26
35 1
79 33
37 59
86 84
71 55
82 50
88 16
67 71
36 99
24 84
85 48
16 37
57 100
5 62
2 18
49 3
92 48
45 36
90 44
50 62
45 80
53 32
16 42
4 10
86 20
67 36
60 52
79 40
62 79
70 5
39 25
98 18
48 80
66 77
15 40
99 37
34 51
18 86
79 93
76 63
49 36
75 13
82 45
12 22
66 51
84 13
14 70
64 40
21 38
90 23
6 62
61 34
6 85
72 33
4 47
88 61
43 81
27 84
35 16
55 82
76 56
94 46
53 76
92 75
47 59
84 76
25 46
53 34
69 94
13 62
35 65
74 72
94 98
94 17
85 82
6 29
33 63
97 72
80 66
42 38
34 39
8 44
70 22
98 3
69 38
77 67
6 61
88 40
93 30
78 80
22 30
38 13
75 9
32 24
84 14
59 43
13 20
26 32
63 32
59 63
72 87
1 65
4 94
77 8
11 69
28 71
88 42
92 93
75 79
20 62
46 63
8 13
76 3
42 53
45 77
85 95
4 88
55 37
98 38
14 80
53 58
10 56
62 35
89 65
47 31
40 49
71 94
16 80
19 42
38 6
93 44
35 2
22 35
61 24
74 65
98 43
50 98
69 42
23 73
24 41
25 39
3 10
33 66
31 78
39 24
74 42
49 74
21 57
96 21
75 49
90 14
29 2
21 15
72 69
11 17
26 40
52 3
37 54
33 52
7 24
58 6
83 61
32 56
2 62
35 56
92 57
48 38
31 8
91 44
33 3
29 80
43 77
64 62
24 39
87 70
31 14
52 75
8 84
54 9
2 73
96 13
98 68
54 51
52 4
17 31
71 97
94 71
44 34
96 22
72 47
79 77
36 93
51 44
90 36
71 7
64 73
92 63
20 52
36 86
69 10
51 7
18 38
68 89
84 10
73 99
78 98
6 11
64 49
100 5
71 36
2 71
1 62
27 66
60 93
41 89
38 42
93 23
72 71
57 1
51 32
82 5
30 67
23 85
72 1
34 15
49 34
100 74
50 35
37 27
24 37
94 16
14 26
72 26
51 1
47 76
1 14
100 36
63 22
19 72
17 38
70 11
87 39
44 71
67 90
88 43
56 64
90 50
60 6
71 45
27 57
50 56
86 54
22 19
46 69
40 35
50 80
15 76
9 50
41 29
97 67
4 10
84 4
56 71
58 94
34 72
33 22
53 75
11 76
98 43
17 39
68 39
3 36
98 19
16 3
35 12
71 6
29 76
77 41
17 23
39 58
97 38
71 54
32 56
31 73
66 75
77 98
31 18
63 91
21 15
100 52
76 28
72 57
30 64
13 20
59 80
59 63
57 30
57 9
70 90
16 7
76 53
37 94
63 94
59 86
8 30
51 25
58 46
21 27
51 46
30 84
58 66
10 46
54 25
27 10
39 27
20 3
57 65
95 94
64 16
18 90
55 72
7 17
19 62
6 15
97 37
63 54
25 84
59 82
82 49
55 63
72 46
29 75
77 51
28 90
38 5
48 10
17 6
98 55
44 73
81 65
31 40
21 79
78 92
44 62
62 46
24 49
23 98
69 89
25 85
5 47
60 70
99 62
8 20
13 85
52 22
25 49
92 92
55 1
11 16
96 45
97 85
54 91
91 4
68 86
40 52
40 6
46 70
94 58
5 45
28 85
64 42
72 57
79 33
29 38
88 90
29 40
79 95
55 71
90 90
15 49
3 92
75 2
68 17
23 63
47 51
82 95
42 33
63 24
5 60
8 46
54 9
71 97
99 2
18 78
83 59
2 34
4 87
54 89
35 46
90 91
70 99
17 45
92 97
34 93
42 69
28 87
92 12
12 12
18 74
25 41
74 77
70 60
61 11
93 61
25 68
88 31
86 46
90 75
52 61
45 92
62 20
98 46
89 33
24 30
63 46
6 50
31 75
9 67
29 38
92 85
9 46
52 23
63 51
10 2
45 93
36 34
7 15
71 45
74 1
82 98
67 100
47 7
44 53
81 37
32 94
60 62
65 97
21 46
62 96
5 20
56 39
7 43
59 72
72 34
5 48
3 40
41 9
67 79
50 60
23 75
16 86
25 28
47 93
8 75
90 45
15 15
93 18
64 5
81 29
43 83
21 57
58 44
96 17
49 45
75 45
91 84
4 62
68 73
92 87
54 29
6 47
53 93
87 13
12 31
4 5
30 79
59 20
72 47
56 74
13 73
3 73
58 61
1 36
34 25
92 67
69 6
74 22
72 53
24 87
92 66
10 11
87 100
10 26
48 67
65 80
92 49
46 45
30 61
78 31
55 17
88 16
22 73
38 48
31 2
65 19
4 30
24 79
19 78
14 46
6 53
38 76
69 28
63 61
94 86
89 35
23 56
24 4
94 20
59 67
89 71
6 78
89 20
60 37
25 62
78 59
23 28
56 98
20 40
26 42
57 88
22 63
70 61
37 67
67 92
73 41
10 63
63 6
99 33
64 77
22 61
30 55
36 39
17 51
63 23
16 37
56 88
39 67
45 14
97 88
2 66
60 89
70 82
83 25
58 76
66 58
58 60
83 36
40 86
3 91
35 53
88 43
82 99
60 46
8 43
13 89
71 78
58 62
8 99
5 91
15 44
89 69
36 78
78 25
51 56
62 95
97 16
77 94
38 67
27 91
1 43
100 46
55 67
68 81
47 99
79 51
10 59
22 95
89 5
70 28
48 10
5 18
26 95
9 47
84 76
70 51
41 15
88 51
29 94
27 81
75 59
5 37
23 48
14 20
53 33
78 14
27 64
21 85
76 24
81 46
76 21
7 93
71 88
28 20
55 27
10 86
51 7
22 11
58 7
72 4
7 95
44 48
6 12
53 37
52 65
71 89
22 51
49 38
39 89
54 20
15 27
37 28
46 39
79 12
26 29
82 7
89 71
7 5
10 18
83 57
23 56
35 13
51 40
73 21
38 28
72 26
7 55
100 85
85 31
86 100
26 68
81 17
14 38
67 3
97 79
94 32
21 80
56 83
93 95
24 10
3 78
46 36
20 39
10 68
65 81
42 56
40 51
15 56
10 26
62 73
97 49
62 7
59 83
1 100
25 2
74 52
84 23
15 14
65 39
58 1
46 83
73 64
27 59
4 98
7 90
76 10
91 93
85 76
61 51
73 83
22 11
85 74
10 40
66 23
89 95
14 87
39 81
71 75
36 72
85 94
77 61
81 91
47 43
44 94
90 94
50 56
84 49
49 47
34 54
71 27
89 49
96 77
17 83
27 36
60 69
96 39
49 63
49 91
85 89
38 58
20 79
85 6
10 57
49 88
52 38
55 58
30 35
17 24
1 29
83 81
30 41
2 17
92 68
12 62
31 16
68 75
23 80
58 3
17 19
60 100
71 52
45 22
13 62
84 22
28 75
49 17
17 25
50 12
39 40
46 78
30 5
83 44
18 18
14 78
32 31
15 86
77 2
86 18
3 67
10 25
33 90
53 92
75 77
40 67
27 95
84 42
52 55
7 30
53 93
61 52
78 3
15 51
49 54
94 38
37 32
80 84
14 50
51 81
53 78
49 58
23 49
82 53
19 94
62 68
35 44
41 19
28 62
65 3
62 71
59 47
14 45
69 28
13 76
43 5
14 73
46 11
39 6
98 56
84 36
1 8
25 65
57 16
4 28
100 59
22 30
28 31
27 41
65 45
11 21
21 75
40 68
15 43
62 37
4 83
50 4
44 1
74 82
44 66
92 72
4 44
24 96
55 76
39 29
91 8
77 30
62 33
74 66
55 37
6 59
35 15
9 38
43 13
92 44
21 64
90 97
553 579
458 489
465 493
390 408
469 491
322 339
517 542
497 517
376 402
539 575
488 515
531 556
385 402
388 414
381 401
314 330
515 537
523 546
489 513
326 343
519 549
538 561
345 360
333 349
526 551
433 451
308 324
508 540
340 360
452 481
354 369
376 398
364 383
313 332
435 455
404 421
454 484
425 444
361 382
341 364
402 421
493 512
520 547
460 485
473 497
391 416
452 470
403 424
517 545
543 579
517 542
509 534
490 509
330 344
345 362
447 473
413 437
424 442
495 521
489 515
491 516
324 338
513 534
332 352
368 388
351 370
497 524
312 326
443 468
365 382
366 388
352 369
364 389
331 352
354 373
361 383
394 416
329 352
449 469
414 439
335 354
459 482
534 568
414 440
451 473
326 340
438 465
383 406
418 438
445 463
315 335
356 376
458 480
349 364
476 495
404 423
326 347
516 547
382 402
461 489
