300 30
28 35
56 1
95 34
47 6
72 38
93 28
11 94
89 22
28 53
97 95
78 85
4 76
11 19
52 40
100 18
7 75
46 69
40 2
46 52
97 84
51 4
51 32
14 71
28 38
96 76
4 81
94 27
3 39
13 13
40 15
34 13
78 19
27 73
77 8
26 84
9 1
58 34
27 19
65 47
69 52
78 86
91 48
10 73
36 40
32 32
96 72
58 31
98 87
81 98
21 59
77 53
37 59
92 100
96 49
58 41
89 2
18 15
5 90
82 62
52 77
76 83
4 62
13 12
5 59
32 21
84 31
62 28
2 70
42 40
77 85
43 90
75 91
23 62
51 27
21 16
37 15
13 77
78 38
67 77
3 44
86 5
94 80
8 50
53 53
4 61
7 45
58 41
79 14
28 19
10 38
13 70
74 31
59 94
46 43
59 50
14 58
5 20
80 83
59 3
54 78
89 91
95 77
13 46
65 4
92 6
25 57
73 83
45 5
27 96
98 85
19 18
62 87
47 29
59 7
86 66
49 67
89 35
76 80
33 61
17 60
18 67
54 58
58 7
15 17
97 42
17 10
14 36
21 49
98 1
15 59
30 51
34 15
84 45
100 96
27 75
58 7
72 41
29 7
10 11
36 84
26 20
73 16
81 7
5 51
65 36
6 47
59 88
35 83
14 82
4 20
65 25
82 40
86 52
54 10
41 58
82 34
30 40
84 67
36 89
91 74
60 55
34 31
46 18
50 30
18 34
17 18
88 72
99 21
77 47
91 85
49 40
98 4
22 27
15 13
69 6
72 20
33 12
42 3
8 9
58 9
18 38
46 4
84 84
58 68
60 4
62 98
6 33
72 64
26 18
79 28
27 2
4 96
45 45
37 8
28 79
23 3
23 17
93 32
60 11
75 73
72 34
48 29
47 13
51 3
40 92
43 52
57 45
88 81
51 38
5 36
2 1
58 69
47 2
77 44
89 45
12 95
69 4
79 100
96 98
66 7
30 26
65 72
12 6
93 12
61 7
50 95
53 91
66 62
25 87
79 38
83 54
45 98
11 44
42 73
17 95
21 57
38 50
33 39
99 44
69 38
53 56
58 90
92 58
18 77
94 39
28 53
82 21
97 31
70 27
62 32
93 81
1 53
72 32
88 75
74 20
40 13
54 41
96 47
50 54
34 39
72 80
60 42
28 43
71 56
2 22
79 80
93 36
3 16
9 9
73 28
61 92
39 93
73 23
7 43
25 89
17 72
99 28
76 36
63 95
34 40
10 31
65 50
50 11
63 93
66 23
9 81
81 10
20 80
91 93
48 100
6 46
1 46
87 37
54 74
96 20
70 59
1 7
87 51
87 27
2 13
524 559
379 403
482 502
329 349
474 506
384 405
315 329
411 432
559 594
404 432
347 370
507 527
443 472
312 329
469 500
529 559
434 464
502 536
427 451
372 393
314 329
447 469
534 559
453 472
322 342
550 571
444 465
500 520
560 598
423 446
