1000 100
81 96
89 64
87 24
67 29
61 94
93 71
63 15
66 28
24 15
68 40
98 72
63 80
60 96
57 61
95 21
86 8
24 82
5 82
95 83
31 74
69 12
32 82
82 56
59 93
47 70
10 31
86 37
67 86
1 64
25 89
19 39
58 40
58 65
15 43
62 61
100 77
36 28
62 30
17 17
37 59
83 34
57 45
14 62
7 34
18 27
43 36
24 78
4 23
69 8
66 79
78 28
60 44
6 63
51 86
39 78
58 13
71 76
20 8
57 74
13 30
8 16
87 64
25 97
34 61
57 52
92 78
90 53
45 40
36 61
77 41
26 99
59 16
75 19
76 71
42 58
13 12
89 3
91 75
73 3
26 36
49 54
50 51
5 98
89 78
74 82
49 6
14 31
80 16
48 86
33 80
75 27
80 30
17 72
25 67
75 99
31 31
93 53
9 84
84 83
40 5
46 93
70 30
23 89
19 62
61 69
98 14
45 1
73 30
33 73
10 82
77 27
43 39
77 53
3 14
22 1
6 75
40 14
12 22
57 39
30 57
64 52
50 100
30 2
87 82
5 27
28 90
92 72
76 16
66 76
87 9
41 97
3 25
18 4
19 94
100 85
15 78
84 95
41 31
50 11
74 70
59 20
40 50
95 17
60 53
8 79
50 34
66 93
80 33
47 46
18 2
2 67
17 34
31 33
84 25
11 60
94 39
89 76
39 72
58 43
2 85
69 5
55 12
89 17
95 30
62 44
62 72
88 72
4 95
25 80
82 27
33 73
53 21
29 61
87 95
35 31
90 41
44 72
99 59
74 37
82 65
28 31
5 24
21 72
52 100
81 21
11 14
51 75
7 56
47 70
70 31
15 63
84 71
91 94
19 55
86 28
61 68
60 46
7 90
71 25
54 72
28 74
70 58
65 72
33 2
29 100
99 77
80 25
95 36
77 95
25 22
44 53
77 31
43 87
31 30
14 86
19 100
36 60
74 23
47 73
60 76
40 50
2 19
98 21
8 21
91 13
80 99
87 71
75 15
83 60
80 19
30 45
41 24
73 45
71 6
52 22
2 40
64 83
40 84
20 96
63 12
62 75
83 39
18 50
74 25
42 24
41 88
65 22
77 57
85 77
1 24
91 74
23 39
62 72
80 86
68 45
30 21
76 13
88 35
93 87
42 95
96 93
65 41
46 78
10 88
50 56
37 59
50 57
33 14
27 89
66 78
74 21
42 44
51 25
14 25
69 75
96 93
4 76
39 61
79 13
66 90
97 49
23 24
87 96
13 40
7 31
57 61
13 19
54 93
77 83
96 62
9 100
44 12
86 70
10 38
49 81
58 16
6 40
34 45
64 76
75 75
92 39
54 29
54 45
91 26
73 71
28 59
30 73
85 93
48 17
2 31
29 84
72 41
100 76
9 12
89 39
26 37
99 37
54 5
97 10
63 77
93 55
62 7
44 49
93 44
65 16
71 58
44 91
79 74
95 48
56 100
56 69
36 36
85 36
64 85
39 1
44 91
34 11
78 34
80 69
95 12
48 35
45 49
48 79
47 51
91 96
95 54
28 7
43 69
83 46
4 95
91 29
74 92
22 3
9 43
43 49
85 49
14 92
29 67
52 43
92 73
73 10
96 20
23 16
99 47
45 52
78 39
96 12
71 79
49 20
79 75
58 72
63 2
50 49
4 98
73 29
33 38
76 70
13 56
47 20
34 59
34 70
59 17
43 3
94 40
54 58
38 100
71 43
2 47
80 95
90 97
72 68
2 27
30 4
65 32
84 87
38 56
10 36
68 44
91 87
83 63
54 8
100 97
51 14
83 28
100 34
47 30
57 71
64 61
7 84
26 6
83 69
17 66
60 27
41 60
57 2
62 4
10 21
37 41
1 86
55 59
68 18
32 58
58 72
27 59
25 39
24 69
99 100
16 29
3 91
10 1
61 6
30 25
85 91
41 20
79 14
89 51
38 93
56 35
21 79
86 89
98 80
79 59
48 89
12 87
34 1
6 88
77 26
78 35
74 48
57 54
76 47
7 39
94 35
21 29
87 30
87 91
80 41
80 51
60 66
91 67
84 42
74 70
12 36
36 18
73 92
69 2
25 19
31 87
19 24
94 82
22 87
19 57
65 33
30 71
41 78
77 64
79 30
87 36
39 53
90 38
3 46
51 85
32 43
27 36
20 65
100 3
10 31
40 66
52 62
34 37
53 25
21 59
16 98
59 34
48 33
49 3
70 29
73 74
14 7
64 15
45 43
36 78
43 96
6 4
79 9
26 52
93 94
54 78
18 100
57 1
63 97
92 21
41 88
26 88
24 55
52 99
81 59
86 23
73 88
90 51
28 86
3 32
24 21
13 52
58 73
63 71
44 55
52 58
63 89
57 88
100 39
68 35
95 72
63 11
64 59
44 53
26 39
81 88
27 8
89 16
4 33
88 55
40 17
20 36
46 73
39 46
51 53
48 91
22 37
83 49
9 39
49 31
64 8
25 32
2 90
25 23
79 27
20 90
47 67
12 29
81 33
66 23
78 4
49 1
28 94
40 41
14 76
22 65
42 49
48 17
27 40
65 58
89 47
73 82
20 81
10 62
55 41
46 92
84 12
44 58
69 43
64 52
29 4
90 20
57 26
57 55
70 56
66 55
5 79
28 9
96 73
62 43
53 70
2 8
78 62
1 6
51 17
76 28
89 91
8 85
14 36
68 56
15 32
1 16
50 7
65 69
87 61
58 35
76 74
85 20
40 33
84 62
32 8
71 53
87 87
21 94
40 62
96 63
41 23
78 98
88 37
51 51
60 13
98 90
96 81
63 58
87 83
80 79
11 21
13 68
93 75
19 70
19 77
58 94
88 59
34 95
22 97
55 86
74 37
41 80
59 61
64 17
7 57
13 26
78 5
23 26
5 60
79 27
58 93
43 67
23 79
11 31
78 65
3 57
41 36
89 14
94 62
6 1
1 91
18 41
81 75
96 86
44 23
28 89
86 68
34 44
58 48
33 40
41 4
15 35
83 45
20 97
57 42
38 66
56 39
42 62
9 54
53 7
56 42
57 90
20 31
19 37
58 68
10 91
25 18
65 10
2 28
63 96
83 55
48 61
53 24
80 20
37 52
43 64
3 85
21 18
91 69
16 21
59 10
54 9
58 21
12 21
85 43
64 83
29 45
37 69
74 87
51 92
18 39
39 57
80 61
58 10
43 7
27 91
87 22
94 60
80 90
36 58
3 94
89 45
76 71
46 2
71 95
19 50
33 17
95 36
68 48
31 92
21 48
80 50
86 54
53 65
46 11
89 55
85 14
78 28
42 92
65 36
99 69
69 6
88 98
96 52
57 40
40 1
29 36
62 51
41 76
12 58
85 71
27 25
23 67
96 95
44 36
8 88
36 77
12 66
5 16
5 58
81 10
39 7
42 15
9 14
93 91
18 7
61 45
38 90
74 25
78 87
75 76
28 66
80 48
14 98
19 97
9 34
71 57
29 85
1 30
37 4
37 69
80 100
35 11
21 24
76 84
46 8
75 64
2 77
17 81
69 67
60 23
61 74
20 86
9 47
22 74
17 2
30 76
50 92
10 92
47 23
8 10
23 35
48 89
63 39
95 66
28 78
23 49
10 59
20 56
77 36
8 33
18 44
27 71
23 33
10 3
66 26
4 48
93 12
41 78
95 46
46 10
9 94
11 89
93 50
92 47
21 83
52 98
81 96
55 16
61 5
47 38
16 77
35 34
64 43
85 85
2 48
99 66
61 29
14 95
48 47
85 70
54 24
36 41
56 31
65 24
95 8
51 11
83 32
91 71
34 24
94 78
83 31
94 96
90 80
95 57
20 15
40 95
4 85
56 35
18 53
83 68
1 52
68 47
26 12
2 81
93 58
95 40
76 54
84 99
40 29
60 68
49 33
17 74
26 68
38 20
2 87
29 5
27 79
64 68
95 30
9 77
24 18
65 69
20 30
78 96
58 10
98 85
32 32
24 28
69 69
100 9
47 93
14 52
23 50
69 74
42 31
55 73
91 68
69 66
11 14
12 86
81 78
93 45
30 1
10 15
19 16
1 32
41 50
38 16
5 41
86 67
24 39
6 62
10 94
25 55
39 57
99 6
10 66
25 81
76 1
69 54
15 17
49 46
31 37
29 53
17 13
15 13
38 30
74 47
83 92
36 13
83 28
4 23
54 21
56 82
73 10
22 69
6 42
97 10
72 65
49 54
96 82
7 62
100 87
71 38
5 89
43 38
53 47
68 6
27 90
36 82
56 55
70 8
57 98
47 34
30 55
68 33
7 68
8 98
3 80
2 24
23 22
88 27
82 15
23 28
45 94
74 93
62 78
81 81
89 13
6 10
70 49
48 38
65 43
87 49
10 88
34 88
31 72
63 79
57 85
20 20
48 3
23 45
60 21
71 30
38 40
75 44
86 90
19 53
32 59
98 61
43 70
74 29
4 54
55 30
41 92
72 48
96 54
32 69
75 95
92 16
4 9
506 592
335 383
413 503
285 329
419 501
463 524
480 591
461 568
336 408
452 537
498 578
354 398
289 343
326 378
456 523
407 492
483 575
340 394
308 379
451 537
458 558
374 448
353 402
471 565
314 366
430 507
334 393
388 480
350 435
320 363
352 430
431 499
322 366
320 362
299 355
458 514
452 559
481 581
493 600
296 363
335 392
347 393
270 330
437 540
351 432
497 564
278 332
480 559
386 478
287 328
338 397
475 583
367 435
353 432
407 496
394 456
452 545
281 336
379 426
349 397
324 379
341 394
408 466
503 563
296 335
467 548
273 329
435 526
340 382
479 568
448 540
431 498
454 547
407 499
439 511
409 503
387 439
422 478
495 588
354 407
335 391
282 333
453 563
410 495
451 558
471 578
376 459
314 360
442 503
413 502
408 507
435 498
310 362
315 362
463 570
504 588
420 479
459 541
389 480
418 472
