600 60
39 85
94 91
89 95
67 44
17 63
55 57
40 70
99 34
9 99
94 99
13 41
73 43
82 72
72 23
3 25
27 2
71 41
10 34
18 34
28 5
1 44
70 35
59 96
3 28
68 9
60 90
47 28
48 69
22 29
92 86
64 59
65 78
71 97
95 58
55 18
67 66
14 75
71 79
30 26
56 82
59 76
93 62
22 13
78 5
48 24
29 61
45 15
51 52
79 35
53 73
70 33
54 78
46 17
72 75
39 60
77 88
93 4
15 54
31 54
87 85
45 95
53 24
67 73
88 84
93 26
19 63
37 40
85 27
11 75
11 96
97 74
74 28
2 22
77 76
98 99
13 39
9 21
54 69
30 24
27 68
19 50
73 9
58 54
89 26
76 59
8 90
59 86
23 67
86 59
85 92
84 27
2 79
35 64
70 14
53 32
31 97
77 81
76 13
68 46
51 58
54 80
50 61
82 46
63 43
95 68
46 67
93 82
85 47
63 20
22 39
21 65
99 6
89 55
21 56
31 95
7 33
73 88
38 65
56 59
81 2
72 57
59 73
62 12
65 5
96 79
55 10
57 45
26 21
7 21
32 23
8 85
69 71
40 49
74 19
94 27
97 66
30 83
40 37
55 69
51 59
54 59
75 29
17 94
15 36
49 49
79 40
88 96
58 60
36 73
36 52
98 58
79 84
8 27
94 66
16 68
61 20
28 24
90 52
70 68
57 54
14 32
93 44
28 4
82 64
85 88
94 6
73 88
60 89
54 71
93 73
9 97
33 16
100 36
17 98
29 93
81 92
27 18
71 97
40 36
94 82
31 77
76 46
89 22
76 35
23 98
53 21
2 10
51 96
77 74
94 64
87 94
38 90
37 84
46 18
67 21
7 6
31 55
98 35
8 2
77 92
62 24
21 5
57 76
12 6
47 12
94 8
6 58
80 91
92 20
39 62
3 36
95 39
74 94
65 80
40 30
10 42
33 10
33 95
39 48
32 55
20 93
70 32
93 96
31 13
34 4
11 30
62 54
67 15
9 30
42 47
24 76
77 25
74 55
89 47
27 40
31 71
14 66
19 96
90 93
27 17
42 99
45 8
34 89
31 67
57 14
25 38
98 51
60 68
30 83
9 65
82 22
88 92
90 73
69 24
72 56
45 65
31 39
93 85
34 67
16 68
92 39
17 5
16 85
3 5
8 67
24 59
40 61
87 24
99 94
49 81
42 44
39 53
27 90
3 35
80 50
52 14
27 83
92 3
69 90
58 17
87 30
88 50
23 59
90 16
76 27
56 6
29 87
25 37
6 60
26 28
5 6
46 98
56 21
56 72
89 93
92 84
2 18
83 10
86 71
5 6
36 28
48 89
5 57
82 97
85 93
77 61
49 75
10 86
9 83
20 69
3 3
91 9
81 39
25 24
71 8
92 89
31 27
87 12
73 12
15 6
11 11
58 63
86 94
7 67
28 30
29 13
72 26
24 85
73 17
69 74
65 22
95 95
2 28
58 33
60 56
3 5
13 40
37 29
97 43
99 3
72 61
67 14
94 66
33 34
80 44
50 96
33 100
44 53
47 6
34 41
15 58
22 21
84 23
2 37
11 1
68 32
68 22
22 37
100 19
6 36
53 69
77 12
96 32
33 30
56 90
44 42
60 77
12 85
74 42
48 7
72 55
4 81
77 95
40 28
27 86
17 56
95 80
85 47
17 44
35 100
52 25
79 34
90 77
49 22
42 43
92 10
95 33
14 43
90 13
82 100
96 71
9 60
25 35
3 81
24 35
36 31
49 46
40 56
46 92
62 39
91 6
99 83
36 88
100 69
8 51
14 23
15 49
40 49
93 28
45 96
73 31
80 47
43 51
65 4
17 85
69 44
31 63
83 19
50 4
35 30
53 21
67 26
44 24
5 81
6 78
99 14
49 42
5 53
43 81
49 97
84 15
11 78
54 69
42 18
25 58
10 54
33 85
63 99
56 55
8 76
69 9
31 87
46 20
66 5
76 31
25 33
26 86
59 65
83 78
49 78
43 47
53 69
85 30
11 66
79 3
74 68
56 60
84 38
64 22
86 47
50 39
68 11
15 37
8 81
15 44
80 15
77 12
72 13
86 59
23 99
25 22
49 41
65 33
47 38
27 95
85 49
90 24
88 59
9 66
12 41
73 36
60 12
93 36
66 60
59 69
45 2
53 26
7 3
93 84
100 82
8 35
12 84
49 85
44 32
39 12
51 5
69 33
41 47
92 11
10 23
14 51
50 56
31 62
66 4
55 49
68 25
66 30
35 42
21 96
47 25
97 46
36 73
33 100
66 90
68 18
23 80
36 64
56 90
86 78
40 63
59 95
25 12
95 2
18 60
57 77
41 80
80 8
71 87
59 56
86 48
21 83
49 27
97 93
42 22
9 80
72 10
47 71
43 1
64 84
35 60
81 1
8 88
52 97
99 78
91 22
95 36
53 22
34 81
30 49
53 98
92 47
36 43
91 83
51 61
12 46
84 16
81 63
100 9
39 14
22 93
47 15
22 46
48 18
28 21
39 42
74 21
9 77
90 20
97 51
38 57
92 58
4 89
10 74
93 14
35 47
92 68
27 48
43 6
60 88
76 30
2 37
51 48
28 64
85 37
18 58
100 20
89 42
6 58
86 3
9 34
27 5
86 7
36 64
54 3
92 59
24 59
67 50
90 97
3 9
36 9
574 607
542 578
367 391
530 563
396 419
537 560
496 527
496 518
378 397
440 464
526 553
367 391
351 375
468 489
573 610
566 590
457 476
424 441
549 582
588 613
395 411
390 415
387 405
491 520
313 334
372 392
464 484
385 409
334 348
342 365
473 506
517 541
453 484
548 584
482 508
377 400
446 467
374 393
541 569
560 599
481 512
453 483
527 550
355 368
504 530
439 464
319 338
328 346
454 480
362 387
498 526
325 347
379 403
468 499
486 515
525 545
536 566
557 591
545 568
519 539
