600 60
66 3
30 70
51 56
86 49
52 86
82 51
35 21
5 48
53 48
73 20
68 87
48 70
13 18
67 16
72 38
97 6
28 54
25 31
93 90
44 81
58 48
84 9
13 92
52 35
44 8
27 44
87 28
93 81
17 76
91 94
78 31
16 9
98 80
98 93
18 9
80 52
21 35
8 9
13 93
39 25
43 66
96 93
78 79
66 7
5 69
99 83
89 32
28 4
4 100
31 84
77 4
39 93
6 56
17 90
22 98
58 56
5 15
65 11
94 28
32 20
11 56
59 43
82 29
29 15
88 96
18 75
38 75
32 28
70 93
33 88
78 19
36 2
75 26
68 28
8 36
72 8
86 58
55 10
16 46
17 47
93 3
92 99
72 33
43 13
31 93
13 70
18 48
5 60
63 73
30 62
75 75
3 74
93 42
52 50
19 51
38 60
69 24
78 96
34 93
43 72
78 52
15 94
23 50
84 6
6 10
97 6
82 22
57 65
16 31
2 93
58 55
57 36
62 46
56 24
98 2
51 79
19 22
47 74
84 17
38 8
59 24
67 34
84 45
41 22
91 90
61 72
30 39
9 78
42 43
26 73
74 28
55 15
85 46
50 3
48 61
77 85
48 44
24 7
63 46
7 54
32 30
67 25
20 87
45 42
27 59
22 47
16 15
39 35
6 5
61 96
34 68
98 14
54 80
11 57
25 60
56 53
62 25
24 40
33 83
82 51
82 94
30 92
16 55
11 68
15 75
21 19
95 22
80 21
66 17
80 35
27 95
53 85
68 80
21 74
9 47
97 87
41 82
100 22
21 14
5 51
23 29
60 86
15 44
66 25
8 62
57 68
22 7
54 59
2 81
93 48
1 90
7 26
10 4
69 82
17 31
91 77
76 82
21 57
12 60
79 10
93 72
27 94
81 25
16 62
37 80
81 67
82 33
83 23
39 47
95 13
15 98
56 76
72 41
23 54
66 88
59 80
64 14
93 38
56 80
59 46
18 90
31 12
84 41
92 96
32 4
46 97
21 91
70 73
41 46
21 26
16 76
83 70
1 41
99 43
81 83
29 67
8 85
86 84
93 12
98 47
49 97
35 58
90 77
10 50
57 21
73 57
40 40
15 68
48 53
33 19
27 60
59 4
15 57
24 99
22 91
85 52
59 1
64 84
37 64
10 91
23 20
93 92
56 7
38 30
89 99
53 65
54 66
82 64
23 50
40 1
36 35
39 20
19 76
49 56
11 16
82 23
60 33
56 57
13 13
31 64
54 11
98 66
17 96
15 11
46 65
43 40
77 44
16 100
92 97
48 74
19 90
100 77
55 81
89 48
26 25
82 11
2 25
19 10
5 98
51 37
42 18
28 33
81 97
20 28
38 61
79 95
57 35
67 40
64 31
89 65
86 63
30 35
81 1
23 100
1 67
19 61
85 27
9 63
88 62
58 5
38 68
20 24
60 60
45 1
40 25
37 6
98 88
28 5
100 24
95 10
52 4
83 6
80 67
14 91
27 2
64 60
56 94
53 29
55 67
86 50
77 30
79 30
31 9
62 55
85 55
35 30
96 78
76 29
93 21
4 17
24 84
58 19
99 50
65 71
13 56
28 94
3 54
97 47
64 1
38 56
92 96
8 20
74 3
11 94
45 20
28 44
37 60
28 33
78 24
2 40
72 36
98 46
25 27
71 47
34 18
70 38
56 14
9 85
94 48
72 9
89 94
31 42
45 57
75 40
22 71
14 32
72 1
30 99
91 73
1 94
3 45
48 100
99 33
91 99
10 88
68 89
77 3
95 90
13 75
45 77
47 36
7 83
57 35
79 52
32 45
1 21
100 77
53 41
58 66
34 41
68 28
34 4
51 39
56 21
36 89
35 96
25 5
96 49
1 61
63 45
83 52
64 25
39 60
90 69
4 84
52 19
31 52
53 34
39 32
33 19
9 30
67 45
66 73
31 9
90 36
24 77
73 3
21 54
84 91
64 89
84 97
55 22
31 15
43 88
19 54
9 23
21 84
44 43
43 10
11 9
46 73
42 70
97 4
54 65
82 90
96 100
82 57
76 91
86 25
88 23
36 78
49 67
22 24
85 32
78 41
97 54
86 49
77 78
69 91
45 85
86 96
15 73
5 12
79 62
71 63
76 9
30 87
56 65
76 8
10 60
35 100
81 75
30 18
37 59
100 7
70 76
58 87
36 99
96 22
18 7
56 3
3 10
82 82
91 5
35 40
71 21
86 11
63 90
59 63
94 45
68 34
67 59
72 77
84 51
57 58
34 49
13 64
32 20
73 60
67 44
4 42
29 22
31 69
31 43
56 21
28 95
90 63
12 5
37 42
28 76
1 81
55 4
26 55
89 28
59 22
78 53
36 41
45 89
48 15
45 6
27 43
70 20
87 59
13 76
43 26
49 46
60 54
8 64
80 64
99 67
71 89
22 84
76 71
59 20
30 34
96 85
46 74
95 90
7 66
31 10
44 92
76 34
17 68
19 95
85 9
86 41
59 47
77 74
39 66
96 54
56 99
40 73
65 62
80 77
14 11
20 97
74 75
84 8
66 8
77 77
63 61
85 49
48 49
96 19
60 84
87 14
56 30
10 24
43 61
71 68
66 90
55 62
77 92
18 15
82 59
73 68
15 65
38 29
73 98
2 49
83 84
46 31
66 70
23 7
19 31
84 98
26 83
77 39
97 4
38 2
372 451
434 495
457 542
496 560
292 349
420 518
407 470
300 356
356 415
464 572
520 597
468 526
463 536
332 381
430 507
309 352
430 483
390 448
346 411
377 453
338 395
386 473
493 597
461 525
450 510
462 554
465 539
322 400
315 388
388 443
414 499
400 490
389 459
307 380
349 422
287 328
362 440
361 431
271 328
479 578
442 547
350 401
302 373
365 424
427 492
519 584
289 337
483 540
333 388
487 579
337 415
466 569
493 579
289 350
390 439
361 431
403 483
383 463
435 536
312 365
