600 60
79 38
2 44
25 60
8 80
53 54
85 67
74 20
21 69
20 86
49 7
6 88
15 42
88 62
73 83
100 12
84 61
77 96
74 13
93 24
2 36
43 54
7 23
96 93
79 93
5 78
98 8
64 98
28 41
2 87
72 58
65 40
19 1
97 74
77 74
86 62
68 44
55 35
50 25
42 9
64 22
55 14
40 71
25 20
5 16
10 87
92 70
67 98
78 79
21 80
76 37
37 15
53 92
97 48
13 7
9 45
34 12
38 16
95 4
87 55
36 74
10 36
65 35
69 8
35 53
93 46
29 37
91 17
70 60
52 45
22 62
84 58
8 46
83 6
97 82
80 77
1 46
7 40
63 72
43 39
45 5
90 12
55 65
26 22
49 2
67 92
1 30
52 40
95 66
87 64
51 44
30 52
11 11
98 54
68 88
15 2
12 84
100 5
38 33
6 99
6 41
34 100
7 62
89 22
16 18
78 93
40 93
24 99
48 9
67 41
75 32
52 42
53 98
59 83
88 98
33 9
2 85
94 91
3 5
26 34
83 78
84 3
17 68
34 47
56 100
79 16
53 29
89 33
91 7
56 89
23 78
69 19
14 65
79 93
57 28
46 66
63 71
49 90
12 53
10 53
93 68
14 31
86 71
54 44
53 49
84 26
53 90
99 50
11 68
43 16
7 46
33 69
13 46
96 16
33 89
33 99
7 32
69 97
48 20
73 60
9 32
71 78
21 54
55 71
35 21
37 80
49 41
30 46
16 9
59 88
36 67
49 65
15 23
11 2
31 31
65 66
75 18
8 34
24 2
32 7
7 30
43 12
42 33
73 24
37 27
66 39
21 83
8 78
9 37
31 61
93 14
13 13
68 16
79 6
66 86
83 99
34 93
26 87
58 55
74 28
12 5
51 50
95 84
76 77
3 65
36 69
68 28
44 13
34 77
5 87
16 23
90 87
21 22
99 45
54 67
44 79
89 27
100 46
27 80
68 54
50 20
67 53
92 33
75 76
45 25
64 43
44 39
52 50
94 88
31 64
20 75
14 70
69 36
27 93
42 35
59 27
55 48
15 17
58 44
60 71
100 71
97 47
73 100
27 36
11 8
19 42
19 5
71 4
77 54
65 13
85 39
76 65
88 13
30 89
45 93
94 55
44 74
46 26
92 32
50 25
94 85
66 36
42 57
45 27
61 39
1 92
18 41
27 88
89 23
15 43
12 26
98 78
81 17
31 76
80 29
43 10
74 53
3 29
29 30
25 44
2 18
27 36
3 33
1 7
63 64
63 53
91 91
11 41
30 94
58 34
34 32
81 94
9 92
72 50
97 26
12 39
55 46
39 40
40 4
17 22
83 75
87 86
87 76
47 45
44 31
74 35
9 41
84 99
12 28
17 78
82 8
45 100
40 69
96 4
57 7
53 93
61 18
95 52
41 54
81 9
26 45
27 11
83 11
75 86
81 39
48 83
59 86
13 49
9 51
100 79
90 61
76 54
71 77
72 13
41 20
16 20
49 47
2 16
75 75
23 17
89 54
95 13
26 42
27 77
99 47
53 54
61 66
45 62
9 15
86 51
56 20
15 94
77 63
96 19
34 67
99 39
15 98
43 55
34 18
14 45
35 54
72 92
84 74
33 48
69 78
47 34
85 93
59 97
71 71
91 67
86 25
67 75
10 52
49 78
44 24
10 79
92 60
51 46
49 34
82 32
1 19
1 92
5 37
15 82
84 8
63 27
65 81
9 39
28 35
17 38
95 59
36 80
22 51
18 32
37 61
27 39
57 99
23 41
94 51
78 90
14 16
10 64
70 80
17 37
20 78
5 53
90 90
97 28
39 86
10 15
82 58
56 83
32 50
87 78
92 42
68 66
61 23
16 92
98 92
17 99
44 36
76 61
88 52
94 33
98 12
91 67
43 65
32 61
83 74
57 62
28 61
18 28
96 57
19 24
82 23
6 44
29 53
21 16
96 78
29 21
69 60
41 45
94 24
97 67
50 48
51 23
23 36
80 90
9 73
58 68
94 86
76 18
70 57
98 11
81 4
54 25
40 44
71 82
87 49
62 26
56 43
15 74
55 81
65 89
24 34
47 98
44 65
20 47
17 67
14 78
55 51
95 48
20 54
32 40
30 87
97 89
4 49
71 37
60 97
90 55
46 81
42 18
28 90
59 57
18 72
66 15
46 21
80 41
81 44
72 48
54 17
72 53
84 14
53 11
26 30
35 91
60 60
19 42
42 76
31 78
47 43
10 46
80 47
32 2
98 27
39 91
18 57
80 35
59 5
56 44
10 71
55 7
91 47
48 4
74 76
39 83
58 13
25 91
14 47
62 41
26 15
6 31
87 92
28 71
24 20
28 9
73 51
79 65
21 21
36 40
83 50
67 93
98 71
55 2
72 12
86 29
25 32
43 48
40 6
87 91
10 9
37 68
90 13
53 99
64 43
11 98
79 47
3 96
92 6
47 22
88 41
46 60
18 70
49 48
47 77
16 49
37 57
45 15
34 29
19 89
88 16
64 16
7 45
96 59
62 62
44 29
13 65
97 83
95 7
25 96
20 86
77 26
36 17
41 91
23 39
21 93
100 91
86 82
41 44
83 65
47 83
69 47
58 9
44 83
65 73
81 71
2 31
38 91
83 96
86 53
8 6
7 15
48 43
3 22
17 71
37 78
77 56
57 55
10 6
33 53
93 71
375 392
425 442
448 466
323 343
311 330
551 587
389 411
368 393
497 531
362 378
343 360
551 577
461 490
380 406
562 590
541 564
317 334
371 387
420 438
489 516
399 425
513 547
513 548
424 445
399 416
551 574
393 411
524 560
494 515
502 522
526 560
512 536
376 391
518 547
416 438
439 456
494 520
460 489
477 508
471 503
560 590
544 580
328 351
530 550
424 453
538 571
393 417
414 440
475 506
522 558
480 499
364 379
513 534
556 592
369 391
571 596
325 345
370 392
517 543
545 574
