300 30
40 41
32 90
96 28
38 93
47 70
67 61
7 77
97 42
55 38
17 43
61 100
30 2
47 68
47 26
7 29
8 29
46 85
72 57
12 70
86 74
50 54
65 32
53 58
6 27
75 98
4 27
79 39
15 95
84 62
72 75
47 98
90 42
70 63
62 23
100 31
65 69
51 20
88 22
55 96
27 66
45 83
78 13
32 21
16 47
84 74
89 95
93 69
77 14
65 62
71 64
26 51
83 46
56 98
72 3
40 90
53 58
27 4
12 18
44 65
34 27
33 20
34 25
22 75
7 76
60 22
87 64
37 12
78 36
6 70
46 94
59 8
70 18
83 98
58 63
36 90
90 4
72 79
28 8
72 49
56 45
77 66
84 80
91 37
47 40
60 67
21 59
82 97
57 6
66 64
31 8
14 97
28 66
10 5
16 2
80 7
10 61
34 67
88 93
4 26
82 27
34 33
51 82
23 9
91 66
44 93
45 76
48 83
25 92
4 20
64 67
14 78
28 3
65 90
82 78
30 48
20 61
54 27
75 41
74 15
39 75
59 29
73 67
15 98
90 36
45 9
11 90
27 46
56 96
38 96
37 52
35 2
10 4
93 21
81 21
23 92
8 75
67 72
44 13
35 92
70 84
13 12
84 89
29 34
8 70
90 83
36 100
26 47
11 12
64 18
69 15
41 77
75 71
4 79
1 33
73 77
49 42
31 71
86 77
62 68
14 66
52 67
9 22
71 16
52 18
92 8
37 67
97 69
6 100
13 17
12 16
3 14
82 15
99 28
52 31
42 33
38 71
53 64
93 3
17 74
77 17
2 45
4 66
54 46
32 77
3 78
99 74
40 69
20 37
94 26
81 40
59 46
99 20
43 58
30 78
99 7
3 91
30 20
4 2
26 69
16 7
85 50
9 95
54 61
74 98
100 69
74 30
66 58
43 25
10 93
82 72
45 34
4 72
66 75
61 58
20 41
49 55
3 84
94 93
62 28
40 97
62 49
63 30
83 98
19 24
88 1
62 39
52 20
51 100
15 84
21 27
18 88
76 86
26 35
81 6
56 4
76 39
47 14
91 74
84 68
16 63
81 99
27 8
40 32
68 21
51 78
23 70
80 34
44 46
5 4
8 76
92 84
88 44
24 1
37 29
17 90
48 53
27 71
7 37
12 20
88 12
27 66
49 32
15 8
78 77
53 99
61 95
58 6
38 80
86 81
96 67
81 58
78 69
99 66
71 32
58 15
57 25
20 37
7 8
70 67
99 12
40 78
48 30
5 79
84 74
95 66
64 20
72 37
85 9
6 34
48 10
88 26
23 58
48 99
85 72
25 20
31 100
89 46
35 29
26 14
40 26
412 503
326 399
438 543
452 527
425 493
310 374
338 416
363 429
347 398
445 551
316 387
474 577
425 507
422 488
324 396
361 421
519 584
416 472
469 540
474 571
311 355
435 517
453 548
408 483
439 545
270 323
313 384
359 443
355 400
289 351
