600 60
92 88
6 15
41 30
24 34
15 72
24 57
63 14
80 84
88 80
56 25
53 78
76 78
91 69
67 76
40 82
52 77
1 84
85 93
43 12
71 14
83 24
85 57
59 91
36 22
56 16
67 70
50 68
5 82
86 61
44 65
67 98
86 87
52 18
12 64
27 16
89 16
39 51
59 17
82 28
31 38
92 5
16 97
97 76
1 32
77 8
98 99
34 95
24 45
19 9
30 81
96 26
22 44
57 8
24 58
23 85
56 40
54 65
33 25
8 57
22 37
28 100
98 26
75 92
31 28
53 66
99 71
56 72
35 99
61 63
21 67
62 87
98 53
49 96
38 1
12 83
92 81
94 57
14 14
42 36
83 50
38 54
9 20
61 61
34 48
96 17
66 12
54 45
1 26
30 86
69 32
49 50
22 77
89 64
26 21
79 78
68 63
73 66
42 65
83 62
6 96
68 65
40 86
92 52
5 45
42 57
3 67
53 30
16 17
85 84
74 7
45 95
24 72
86 7
15 91
79 58
33 82
24 60
96 64
65 5
83 9
67 38
91 76
65 47
88 61
74 88
6 75
76 55
9 45
63 22
85 79
98 24
65 27
88 90
17 6
76 7
15 85
68 50
14 69
7 36
60 4
17 54
71 56
29 33
21 26
76 62
17 74
51 3
21 8
74 79
79 19
34 31
28 51
80 55
34 72
5 86
99 94
76 80
8 14
63 66
43 76
63 18
58 29
10 12
43 93
37 28
99 13
18 87
10 62
2 41
4 21
32 78
36 9
90 68
94 55
94 2
24 6
35 20
64 14
48 66
84 27
13 55
59 71
77 47
8 87
73 62
62 67
70 5
59 58
54 16
32 60
4 89
40 52
4 39
82 13
96 97
59 84
40 37
21 21
6 62
54 13
95 25
15 17
49 43
68 5
9 54
35 17
90 93
11 20
33 17
71 47
41 30
43 66
44 57
54 32
24 29
66 52
57 93
21 33
54 28
83 55
55 20
55 84
9 82
76 56
51 97
94 37
77 64
66 32
13 63
32 23
2 49
2 80
45 18
96 43
76 59
76 5
7 41
47 60
16 49
28 8
10 9
82 48
33 60
90 67
81 25
5 97
43 41
73 76
50 64
83 14
93 68
93 56
19 95
19 86
50 16
91 74
77 10
99 78
53 60
59 67
73 74
23 38
73 98
1 83
75 95
92 87
51 5
6 98
17 100
28 31
39 17
85 63
4 78
11 96
94 49
25 31
69 25
16 77
38 2
92 55
64 84
38 54
13 95
65 30
80 26
89 77
63 76
36 62
46 88
72 53
83 1
55 1
73 96
80 7
24 59
3 84
30 2
74 65
19 95
47 60
88 49
12 95
6 71
85 25
100 80
59 36
75 36
80 80
25 46
61 38
35 26
68 16
55 22
82 9
18 70
15 49
82 72
36 3
65 88
93 9
76 24
84 31
10 98
65 25
79 90
84 53
44 56
60 88
21 71
60 67
52 1
60 44
33 27
26 47
89 53
45 48
92 11
60 82
82 9
95 55
92 42
68 3
13 18
50 78
7 65
19 55
77 40
98 80
90 12
72 49
26 68
41 17
44 80
61 13
61 44
85 73
92 31
92 24
82 47
63 98
91 54
30 36
15 68
87 11
12 99
91 53
92 29
48 54
98 9
74 80
70 37
41 34
78 22
100 75
38 96
40 48
77 94
16 12
28 76
83 30
12 77
20 16
59 91
60 51
40 81
27 98
20 16
84 33
96 37
34 42
87 24
63 46
23 91
48 49
73 16
50 63
34 34
42 95
31 17
2 9
85 64
49 34
47 21
42 24
40 41
89 86
75 77
65 2
99 99
54 35
14 23
56 53
49 24
20 99
10 12
56 11
73 72
99 63
69 65
45 33
3 19
57 81
49 73
34 8
25 34
36 61
85 82
62 84
66 15
55 14
4 19
30 56
79 44
94 30
65 81
3 28
15 99
66 68
86 48
91 64
21 37
73 74
6 99
81 74
5 100
8 82
92 35
22 67
31 57
59 2
33 11
99 84
36 48
1 20
59 53
11 65
26 4
30 4
54 20
56 18
60 53
96 69
82 26
76 55
40 61
5 59
10 84
80 33
91 53
65 73
40 94
69 17
40 66
8 10
51 93
91 98
18 38
76 32
65 90
22 87
87 72
12 68
38 67
72 91
21 16
13 15
89 26
71 1
40 32
25 39
66 29
61 19
44 20
96 22
53 56
87 7
37 12
92 54
76 2
53 89
70 70
43 60
79 50
2 8
14 81
16 59
56 44
66 80
97 51
47 80
10 23
28 90
56 59
12 19
87 70
27 42
82 36
65 90
75 38
93 19
58 28
38 68
57 41
63 10
66 23
86 21
80 78
7 88
33 29
78 48
91 79
33 33
5 2
65 49
33 6
15 31
43 71
79 1
36 87
3 80
73 84
59 12
99 41
49 98
40 5
21 37
13 31
62 13
25 54
66 56
68 73
29 83
70 25
84 53
54 35
86 23
48 43
42 43
10 83
7 17
6 54
73 39
91 94
89 70
30 55
82 11
14 59
59 10
91 53
25 80
12 71
88 80
38 70
73 42
39 85
49 68
36 97
12 87
41 80
84 14
50 100
79 85
98 50
37 33
90 86
36 68
6 80
58 3
58 3
15 5
78 85
7 61
24 34
7 15
22 79
73 24
24 43
41 32
62 32
26 35
354 414
500 609
493 561
357 423
360 421
503 608
299 346
361 443
298 341
291 340
478 559
374 436
292 355
316 370
393 478
459 562
336 400
503 596
477 538
504 586
379 426
367 439
486 558
304 367
430 531
313 359
287 336
420 492
500 609
475 541
457 549
390 482
489 559
343 385
474 559
493 578
363 444
451 536
292 329
395 459
336 385
472 533
326 403
420 496
423 487
293 339
514 609
476 547
364 424
515 583
380 433
277 344
477 584
417 486
492 568
459 516
381 462
416 517
460 530
361 414
