1000 100
83 52
75 84
98 98
9 76
95 63
52 88
42 16
26 30
40 63
62 36
52 93
100 57
47 37
39 13
75 12
86 67
74 29
88 27
62 71
61 31
56 34
28 72
98 37
25 93
66 32
76 80
83 77
77 2
97 72
63 32
74 44
21 57
85 23
37 80
62 4
41 44
87 58
24 96
29 95
13 35
47 69
24 43
26 79
84 62
67 43
77 75
26 11
69 100
76 47
41 57
50 19
62 67
30 60
25 7
31 54
46 4
13 81
53 9
40 29
93 26
7 83
78 76
67 43
92 10
54 84
35 14
7 49
87 50
52 84
32 70
50 5
63 14
59 92
70 69
97 59
51 43
62 61
6 5
16 98
57 1
52 78
1 73
13 25
76 28
4 48
8 5
54 73
5 94
3 11
85 73
41 27
90 1
26 78
26 46
15 52
69 80
97 82
67 71
61 69
3 85
64 36
26 40
92 53
20 3
37 2
9 63
64 38
9 79
24 76
93 28
44 55
84 46
66 61
10 54
70 30
79 49
74 66
9 63
83 86
88 44
48 35
57 11
37 96
60 87
89 94
87 83
83 47
9 56
92 97
52 20
92 84
48 23
86 78
79 9
12 39
35 72
100 68
44 63
36 58
99 16
26 8
7 33
71 5
56 80
36 23
81 34
13 68
74 19
56 30
83 51
70 79
55 99
84 64
91 88
29 43
7 76
24 14
10 41
21 28
85 8
35 59
58 71
34 88
86 10
40 16
84 50
49 64
40 80
22 45
92 13
2 29
83 5
25 3
13 5
44 21
36 73
28 51
43 97
87 92
70 94
6 44
24 76
40 7
50 17
34 67
90 28
83 58
35 79
36 11
93 85
21 31
74 57
72 54
20 45
74 19
79 7
36 46
35 69
29 22
77 77
37 72
83 2
22 7
45 15
35 75
46 55
58 73
99 88
53 100
36 93
11 64
72 10
82 68
35 97
62 37
38 25
12 21
11 41
88 63
57 78
59 89
62 25
16 61
10 36
76 4
30 92
33 26
13 78
50 36
24 39
82 59
16 88
29 71
53 89
28 80
86 77
64 73
10 36
78 44
82 50
67 24
18 52
80 32
50 54
3 43
96 75
12 73
96 17
50 91
31 82
17 15
96 56
35 72
28 53
92 4
69 39
64 91
50 56
59 99
65 55
16 57
54 6
34 67
28 41
63 93
84 87
5 17
46 52
14 17
82 96
51 87
87 9
57 2
7 21
71 96
19 47
55 87
3 80
42 26
69 53
72 62
91 53
16 34
21 74
76 34
79 51
42 63
39 4
31 34
91 82
25 52
21 40
4 61
70 74
36 14
39 11
84 89
20 82
89 39
93 40
13 87
89 38
68 53
55 10
89 33
7 25
6 82
3 98
53 48
71 96
70 55
98 71
18 8
60 2
4 35
65 20
15 12
2 19
34 51
71 6
29 63
87 25
79 63
15 95
63 73
16 8
55 90
31 100
83 43
99 67
64 97
69 54
73 3
36 79
68 67
38 85
91 88
91 35
87 52
25 28
63 64
38 34
83 25
22 49
24 29
86 23
85 44
87 81
47 30
69 57
88 14
31 56
29 61
34 66
67 28
26 90
17 29
91 33
52 27
42 59
27 47
83 79
37 36
97 91
85 28
96 45
81 39
35 64
36 76
37 67
96 7
62 27
32 30
59 49
46 47
63 75
86 47
73 59
57 9
74 56
43 2
2 60
44 55
42 58
19 66
18 1
51 39
31 31
1 44
41 61
11 17
32 8
73 65
58 37
18 86
49 54
57 8
71 46
19 3
77 5
61 72
12 60
42 91
99 53
61 31
34 96
53 79
88 27
55 62
38 56
75 58
8 82
81 62
64 100
59 67
95 65
80 56
75 76
45 52
71 99
6 66
69 71
59 17
57 100
37 68
75 17
65 98
48 30
67 22
39 5
84 11
20 59
42 10
20 32
25 92
30 28
98 34
43 85
4 30
53 4
18 62
74 34
27 7
34 41
44 100
54 54
77 65
16 75
63 12
34 98
38 81
61 72
89 84
14 63
14 2
71 43
10 57
86 59
34 95
52 59
70 20
91 74
7 17
81 28
34 3
30 7
43 54
67 2
20 89
67 96
2 98
98 79
71 84
74 2
44 89
68 58
57 21
55 3
21 2
28 49
100 3
67 84
24 93
99 48
27 52
1 52
97 42
57 74
8 34
28 82
22 41
51 93
6 37
27 81
81 96
61 77
91 31
42 100
70 70
11 63
1 96
68 37
16 70
80 64
15 51
17 94
90 81
35 43
35 77
94 80
67 59
81 36
39 69
36 7
66 72
24 19
81 9
1 52
75 30
42 83
18 95
35 29
3 45
45 41
65 94
10 56
13 2
20 28
55 84
82 19
9 60
13 84
2 54
85 51
19 19
40 90
91 74
31 54
81 82
50 86
13 79
96 21
45 49
70 3
30 40
50 75
35 79
64 45
87 20
89 20
18 25
7 34
5 97
28 49
9 80
5 74
58 15
77 71
41 47
81 52
88 85
22 47
25 73
37 25
73 94
73 15
4 72
37 38
57 21
45 3
72 52
48 11
50 70
19 84
82 47
76 5
68 95
97 27
49 83
10 67
43 5
56 35
37 8
95 41
74 84
91 53
18 49
57 21
15 58
18 79
95 5
58 25
92 19
42 9
99 60
90 24
22 40
46 12
2 76
28 9
82 75
8 26
91 54
93 39
67 86
98 94
1 12
30 38
26 48
12 9
7 62
13 96
87 26
31 8
47 9
83 85
60 5
23 90
26 29
52 6
13 23
31 12
6 86
70 9
11 5
10 83
67 67
25 91
62 42
38 42
97 28
19 16
86 94
86 75
23 35
15 62
19 37
25 67
100 21
75 64
60 57
78 78
35 58
67 90
90 13
34 70
28 8
64 99
84 81
69 89
33 64
9 38
49 80
49 99
62 4
79 8
86 47
5 38
35 40
97 40
36 82
10 28
85 40
36 30
34 13
98 22
96 23
24 6
34 34
30 98
76 82
85 49
41 31
13 9
55 65
81 99
96 86
65 70
23 71
21 14
30 75
2 95
10 59
70 42
2 18
20 8
93 21
57 28
13 37
65 13
2 3
83 43
71 16
71 70
48 7
29 25
57 98
35 15
70 7
57 48
44 59
23 49
72 18
9 60
18 10
42 83
75 79
81 15
50 55
74 55
88 100
5 58
62 8
24 27
78 75
72 39
66 96
1 95
73 65
50 57
86 50
45 76
92 82
52 9
44 10
28 79
4 48
45 85
33 34
15 71
89 52
2 50
46 55
15 70
84 28
6 84
22 17
11 70
56 40
47 24
64 7
18 9
62 76
72 40
85 6
77 18
65 20
23 26
82 21
17 60
26 45
65 31
97 90
47 3
25 55
24 43
81 16
31 2
18 92
98 41
25 76
38 35
17 5
22 42
8 21
7 86
20 74
49 65
26 26
77 99
49 80
80 47
69 21
33 46
87 84
25 85
15 62
48 60
61 42
16 81
19 44
4 59
80 41
10 57
81 63
70 75
77 2
10 8
28 25
43 75
33 85
7 49
92 83
92 80
65 100
95 99
98 64
44 76
24 44
12 73
34 43
18 50
19 64
76 71
92 97
13 41
60 55
23 55
70 62
44 69
41 22
15 45
57 63
54 99
68 89
50 87
23 26
62 44
88 31
92 8
67 93
99 65
55 69
38 34
19 96
22 71
84 83
56 88
92 41
58 8
74 49
63 60
44 29
25 64
44 61
33 64
80 35
3 48
47 74
24 60
98 17
94 11
74 40
95 2
100 62
62 36
67 54
22 13
4 29
56 6
91 39
14 97
59 52
38 35
96 39
52 1
10 29
23 4
37 27
2 20
98 31
20 3
66 1
31 39
48 33
54 31
81 65
40 34
62 16
16 90
83 5
82 39
69 27
54 60
33 77
20 12
71 57
88 48
78 18
53 88
2 97
72 62
20 77
20 5
79 94
60 57
49 25
12 34
55 100
82 87
8 65
26 55
99 89
1 26
30 60
78 64
39 28
99 49
72 94
74 60
45 66
52 30
16 66
47 13
88 100
84 68
17 31
83 49
4 91
5 86
20 56
77 13
93 50
22 46
3 23
93 46
32 28
38 63
21 47
47 61
23 92
15 41
37 68
97 43
35 85
39 47
94 39
50 80
89 3
83 34
70 10
69 23
22 45
21 29
76 45
75 98
3 5
33 9
75 98
45 49
70 84
46 7
15 63
30 30
51 94
42 25
41 68
61 28
79 5
33 83
17 49
52 2
43 100
85 44
6 6
52 3
59 75
39 90
33 56
17 67
12 50
10 21
41 27
79 22
28 90
77 32
79 73
36 35
74 9
1 99
55 67
30 39
59 95
72 93
84 72
47 35
94 73
99 84
26 65
82 43
20 69
44 9
36 16
9 72
18 48
87 63
36 37
71 65
53 66
69 11
37 84
26 44
44 70
84 26
15 15
96 45
85 28
66 75
51 7
57 3
315 332
456 488
555 582
567 590
478 505
325 337
463 484
524 551
529 561
421 446
427 448
324 347
518 550
315 337
381 397
307 328
372 387
540 573
524 557
438 466
343 367
537 574
499 522
334 347
401 428
548 569
551 579
370 387
363 385
450 479
372 390
407 432
428 452
314 334
409 427
531 556
361 377
530 557
374 393
350 371
449 477
382 408
493 512
402 428
400 416
339 353
543 572
385 409
409 434
546 579
352 367
334 355
391 407
472 501
482 512
408 425
453 479
404 425
497 518
449 477
546 569
468 497
423 450
551 578
530 561
309 329
464 482
318 335
374 394
524 547
409 434
406 422
523 545
376 392
478 498
448 466
473 492
439 467
493 512
352 373
412 432
400 425
482 501
382 397
424 441
437 454
328 347
422 448
363 379
556 579
440 462
510 539
481 507
529 556
322 334
369 386
565 590
487 511
522 558
457 477
