300 30
1 80
1 98
44 75
71 99
10 76
27 52
14 44
30 76
50 61
88 85
64 50
5 29
95 11
99 51
10 7
70 13
55 74
32 35
57 60
87 54
33 19
77 99
94 27
79 19
96 79
28 77
77 99
66 22
70 20
74 14
30 46
99 100
68 81
74 78
62 38
95 43
19 75
27 55
84 18
85 81
12 57
59 49
6 86
55 27
43 13
85 80
14 98
38 96
74 31
26 7
94 60
12 76
29 9
34 19
59 98
21 36
14 27
9 85
23 3
96 57
22 95
89 43
50 60
15 53
15 50
38 26
82 82
12 71
50 12
58 63
3 24
12 61
22 4
31 36
42 27
83 8
22 34
56 78
36 3
40 45
30 15
78 55
14 12
75 90
94 41
30 73
28 77
19 5
36 70
31 85
89 50
30 2
78 9
10 62
50 72
47 66
80 30
29 21
75 78
86 19
74 92
10 87
31 66
97 42
51 55
27 52
62 27
11 13
98 9
70 76
78 27
94 91
47 67
91 25
42 98
38 100
61 20
77 4
21 72
53 49
51 47
53 36
69 14
1 12
11 23
57 97
6 4
17 29
56 37
95 83
8 90
1 1
55 58
31 80
55 93
34 3
9 11
77 79
77 94
37 3
27 36
92 21
48 37
85 12
23 45
11 53
89 44
72 76
34 52
72 79
59 70
2 91
67 34
19 84
8 30
40 91
41 52
56 36
11 91
83 30
38 75
84 84
11 36
94 57
27 51
60 10
75 11
6 87
85 12
47 77
92 16
65 76
95 100
60 73
65 7
17 48
25 5
75 54
77 33
83 69
59 97
55 23
47 100
37 15
4 23
94 91
82 83
79 19
28 35
41 89
85 11
42 15
7 2
19 13
35 49
57 61
97 83
32 82
9 52
1 60
91 88
82 31
49 44
51 51
31 55
7 1
93 58
14 82
15 22
79 30
68 15
89 100
66 23
34 5
54 92
60 44
10 21
49 48
77 82
43 56
42 52
64 81
96 98
80 50
90 67
76 63
74 98
48 44
72 32
47 58
61 98
70 73
86 72
100 26
84 54
53 34
71 32
98 91
69 4
28 74
93 93
11 12
53 79
54 68
47 14
58 31
43 79
40 88
34 61
35 40
22 23
15 60
79 64
36 16
24 94
28 63
88 53
97 50
22 85
18 55
50 76
87 62
11 9
29 51
78 44
24 61
66 57
88 83
72 36
87 80
56 79
12 70
42 86
51 4
70 20
68 17
36 72
38 95
29 28
92 70
38 38
57 30
37 70
79 12
55 22
65 97
94 45
22 56
8 81
82 20
64 12
37 28
29 24
39 68
6 46
49 67
58 98
34 2
15 10
76 59
463 481
330 349
532 567
337 357
558 580
469 500
559 587
503 532
374 392
377 400
545 582
466 495
319 333
493 524
345 359
556 577
380 397
390 407
558 582
471 490
442 468
339 353
304 325
463 495
442 468
547 584
389 410
321 333
306 325
430 457
