300 30
32 97
69 47
42 54
74 2
40 47
100 31
45 65
25 46
15 74
57 50
75 23
32 66
52 74
36 92
5 55
22 18
38 15
42 70
10 34
24 90
40 5
36 64
65 94
18 50
56 28
63 17
79 9
29 32
81 8
68 74
33 61
79 81
68 34
7 98
57 27
46 58
61 22
90 93
14 15
19 74
43 90
22 42
75 43
79 59
97 93
93 100
81 28
37 28
84 54
48 77
64 48
63 53
39 10
34 37
67 35
82 93
25 22
82 72
95 75
95 26
96 38
48 22
88 15
50 40
7 37
92 63
35 86
99 45
99 26
88 17
74 36
12 52
58 65
19 96
44 71
31 17
5 85
5 16
40 100
66 85
67 10
53 68
38 13
14 28
65 11
72 74
84 2
19 3
2 75
83 34
50 58
25 25
41 56
27 95
6 80
66 83
48 38
97 81
11 86
71 84
67 81
64 48
69 42
2 72
70 98
88 58
52 87
3 31
37 44
69 93
93 11
90 47
62 71
36 4
20 12
8 50
14 14
70 23
31 42
41 49
63 50
81 76
69 4
26 8
88 14
5 57
98 83
87 62
76 7
17 81
48 31
28 64
53 56
75 7
59 44
96 25
82 81
93 74
29 35
81 33
19 45
78 86
83 72
31 75
56 91
35 23
43 62
68 11
69 59
50 87
80 86
93 19
18 10
55 65
41 50
1 49
8 25
2 60
81 17
98 69
53 53
35 58
26 27
85 75
69 88
51 32
38 30
75 5
88 47
42 90
61 42
90 53
89 71
78 91
76 92
42 10
9 50
36 86
79 26
42 85
40 99
22 79
37 3
31 91
11 46
72 19
17 12
17 21
99 58
7 25
1 2
45 97
18 81
60 72
19 87
65 62
43 93
95 21
30 30
78 96
16 26
98 38
63 34
65 75
37 57
82 93
87 89
99 35
8 43
82 20
23 23
14 4
3 98
16 82
91 71
70 64
31 80
46 45
70 92
96 74
13 70
15 5
29 89
2 83
18 42
48 36
33 80
68 16
83 35
57 99
4 68
34 83
86 62
90 77
2 81
43 67
38 77
97 50
55 98
56 99
38 10
76 78
23 9
15 22
88 76
45 95
62 88
1 61
37 32
91 27
94 47
14 7
16 90
95 35
48 81
52 33
20 66
75 4
1 36
99 2
2 84
28 53
97 7
81 22
60 87
20 28
14 71
57 64
75 56
6 55
97 78
32 80
81 91
49 41
77 17
59 68
70 54
75 54
29 1
7 52
91 85
55 79
83 33
41 91
26 66
46 85
93 99
70 92
25 47
48 16
30 64
79 93
67 29
32 45
20 2
65 44
89 15
36 32
27 24
65 21
455 711
407 606
316 491
320 521
339 532
399 563
343 435
415 657
547 746
262 427
485 733
333 436
461 753
302 479
304 466
478 630
484 700
276 437
418 538
449 575
361 589
495 642
484 677
419 595
403 572
485 676
459 590
440 582
425 611
499 756
