300 30
46 57
58 87
15 80
46 58
79 89
64 89
8 47
87 68
83 95
94 42
21 51
54 67
29 93
26 39
3 54
46 4
30 79
21 21
100 97
60 45
49 6
3 3
97 71
8 85
85 10
65 14
32 92
67 63
10 21
79 94
48 72
43 50
96 53
82 33
72 47
55 39
77 59
64 34
3 82
46 27
99 60
57 50
68 25
81 18
36 9
88 3
2 56
84 42
90 10
65 9
80 74
36 35
48 14
44 63
9 40
14 35
88 19
49 47
57 15
26 29
87 35
64 93
49 58
43 22
33 28
97 93
8 44
94 9
38 25
70 69
58 92
9 26
75 40
63 79
14 56
36 89
19 71
96 33
47 52
58 31
79 83
43 44
19 90
47 39
5 62
16 28
66 8
53 72
96 29
27 65
66 24
49 54
16 47
76 32
8 90
27 27
83 12
61 53
64 48
50 96
87 51
49 86
74 29
46 51
94 27
31 25
39 14
68 96
65 29
7 66
48 89
68 47
100 67
11 98
8 30
19 6
51 49
45 72
83 78
80 6
55 69
83 71
74 14
23 52
86 63
67 67
3 14
9 49
70 86
65 80
52 26
47 48
29 61
16 69
41 64
25 60
83 57
31 57
48 33
38 91
22 37
1 85
88 85
6 47
37 85
5 26
17 50
9 61
34 38
58 67
27 95
23 23
89 2
32 97
17 7
22 96
41 14
50 55
40 79
76 62
16 31
90 84
2 44
60 70
53 57
97 99
18 83
70 90
81 5
58 46
14 60
76 71
24 68
53 73
29 52
78 72
57 50
73 47
42 24
39 90
60 5
13 2
14 92
93 95
3 94
86 59
80 19
94 17
66 93
97 46
91 51
42 75
62 1
80 76
48 78
7 54
19 87
19 67
94 85
57 99
82 90
59 23
77 24
26 9
77 15
74 85
84 98
89 84
6 6
59 24
91 100
10 83
42 23
66 94
29 98
65 55
27 12
61 39
35 28
59 83
69 3
2 100
31 32
21 51
71 87
69 39
63 80
33 6
63 42
49 19
75 89
52 2
2 29
58 26
4 31
33 14
80 56
16 47
11 35
29 5
27 15
49 24
56 19
97 95
99 14
95 27
77 16
89 9
43 54
32 80
32 72
15 66
43 77
59 13
59 18
31 69
8 99
41 24
83 9
61 19
45 55
62 42
40 99
57 14
92 49
47 13
94 21
51 52
57 5
43 98
58 87
86 74
86 65
56 23
44 35
89 88
82 24
16 84
61 62
5 28
63 50
66 44
45 26
55 92
16 1
34 33
93 23
45 73
18 9
48 45
75 15
28 69
59 77
98 41
35 82
14 1
51 31
77 24
33 32
11 15
264 405
343 469
452 601
443 587
412 571
336 512
276 379
276 362
326 452
233 351
302 387
281 405
422 626
230 343
232 360
364 464
406 544
429 550
381 511
306 408
238 373
375 549
227 348
346 518
367 489
285 392
283 406
280 411
271 417
465 619
