300 30
41 64
84 77
21 24
31 16
14 71
46 19
46 95
37 32
99 54
31 38
43 40
24 22
12 74
37 29
73 39
56 61
25 55
48 46
46 7
80 31
99 21
28 49
68 61
66 48
43 95
67 11
19 3
83 55
32 88
11 34
15 13
41 21
48 36
95 92
25 6
89 57
11 11
76 19
66 63
1 34
96 81
50 19
91 49
44 63
64 1
24 64
88 93
94 74
17 82
74 15
36 75
47 3
34 62
50 100
88 38
23 57
58 76
48 12
75 21
71 25
30 5
25 92
72 8
6 16
43 2
69 58
51 45
13 89
87 5
4 85
59 43
45 33
72 39
73 19
80 46
28 57
40 75
78 12
19 12
23 23
26 24
38 23
59 98
33 24
15 51
53 54
11 44
66 80
53 60
55 14
18 77
14 74
71 49
92 64
14 14
59 15
67 22
57 28
20 3
20 84
41 6
93 18
64 66
84 47
86 28
81 86
37 1
31 56
5 26
47 94
80 4
21 89
27 49
53 72
76 70
60 16
59 50
25 18
42 17
48 63
35 34
82 50
59 15
2 74
7 23
16 80
62 72
59 21
22 9
73 9
10 83
8 30
47 73
43 59
92 88
50 72
91 85
28 17
11 48
52 41
88 20
59 41
73 41
3 95
72 80
45 2
41 27
94 90
63 25
9 72
67 79
5 79
5 92
22 3
24 9
43 94
45 48
92 48
71 69
63 81
37 73
21 4
50 4
21 48
47 61
27 32
100 57
90 3
5 19
23 10
23 51
75 100
89 18
17 6
23 50
48 69
46 97
18 3
47 69
60 34
80 62
85 40
10 20
40 49
35 50
61 13
22 11
18 22
63 79
28 18
55 96
59 82
4 6
72 97
81 48
57 81
42 68
68 54
18 34
25 61
75 99
75 49
3 41
58 91
5 19
52 29
75 69
68 31
87 53
20 47
22 36
94 2
92 18
8 14
51 88
98 41
86 36
22 86
59 90
55 35
42 97
98 22
94 1
46 86
64 67
3 62
2 74
69 73
46 21
80 86
5 94
57 9
31 13
6 10
38 73
75 56
73 69
40 74
11 83
23 85
7 73
100 63
42 45
12 3
1 27
40 10
26 81
17 18
93 88
91 63
80 61
71 22
16 39
99 28
83 20
7 55
66 94
66 70
5 62
10 56
86 19
84 77
65 45
30 27
15 78
68 75
48 40
77 70
41 63
31 81
57 28
70 22
31 7
94 83
6 87
47 1
12 89
5 24
41 94
95 52
41 86
41 76
17 1
48 77
86 66
70 53
49 94
73 69
2 23
34 9
81 78
81 89
29 37
75 20
48 13
39 7
94 24
95 15
98 90
41 13
327 495
342 438
437 678
347 449
519 715
485 685
284 457
257 417
420 682
489 705
490 680
281 414
476 698
528 735
346 512
363 542
312 466
419 609
497 689
396 556
257 409
489 647
400 592
286 421
486 650
273 447
322 488
351 519
442 624
468 611
