300 30
37 48
14 67
82 71
72 100
37 4
42 87
75 85
74 33
58 99
46 48
98 83
23 23
79 60
50 79
8 92
45 9
9 39
96 15
88 94
77 9
23 29
35 32
76 43
5 6
93 9
16 10
23 70
73 27
40 28
81 95
2 65
23 4
76 100
80 31
44 3
54 2
24 54
5 74
15 88
44 32
51 10
46 99
46 55
47 9
67 4
2 14
1 62
45 53
87 23
83 51
27 41
74 26
77 76
68 31
61 97
74 68
3 86
52 55
67 58
60 97
7 46
39 99
49 31
90 18
39 68
15 42
18 45
97 8
24 61
61 66
83 32
62 97
55 70
90 45
65 80
92 64
53 37
84 74
71 38
74 9
67 81
96 86
40 25
45 59
96 84
86 80
97 84
53 56
20 7
34 16
39 90
84 19
70 36
25 27
100 53
8 37
8 22
12 87
72 80
60 81
70 32
14 60
58 22
32 100
24 64
46 83
97 91
94 73
89 14
4 84
57 10
100 94
44 10
55 28
36 95
32 36
9 5
87 70
16 56
27 70
64 27
38 7
56 39
78 69
13 23
59 39
39 70
71 84
7 62
13 21
8 45
47 51
37 73
7 61
15 33
17 60
95 56
45 35
21 73
87 42
59 91
83 45
39 22
54 8
99 50
40 14
9 50
79 34
32 44
4 59
39 64
9 74
99 22
38 67
84 58
16 95
46 75
11 73
3 59
9 65
55 43
56 42
100 75
94 57
77 50
15 81
48 68
20 95
49 47
38 15
74 38
91 67
94 5
58 12
91 21
36 79
43 100
41 17
31 95
78 11
2 20
15 93
85 35
83 84
99 90
37 44
38 74
5 44
90 51
69 25
85 66
11 58
80 2
33 75
64 12
88 30
76 83
84 88
60 56
32 79
95 33
53 67
37 22
61 71
25 36
79 11
38 85
85 58
54 87
14 50
40 80
9 69
28 50
27 31
5 45
72 90
77 59
2 91
9 94
90 31
31 14
54 68
32 20
84 19
62 66
38 29
15 92
6 94
36 46
25 45
48 66
8 42
99 87
13 97
65 1
71 52
79 91
28 70
21 71
16 39
33 71
58 62
17 7
99 84
90 39
14 78
93 76
2 54
89 60
45 57
90 27
15 81
56 46
98 49
64 26
58 60
6 3
9 13
4 63
66 86
69 6
19 69
3 89
2 50
100 57
98 59
46 91
85 63
49 100
28 96
20 76
52 30
45 21
12 17
55 96
4 60
42 58
47 59
69 90
72 16
73 41
67 81
90 59
54 49
64 48
18 92
20 52
6 94
76 98
12 50
90 81
57 85
50 83
95 26
65 68
28 68
30 19
81 64
39 72
91 37
382 407
362 379
571 598
528 562
439 468
470 499
351 367
491 511
489 520
388 408
498 529
563 589
552 580
500 529
342 365
485 516
412 435
354 375
571 607
409 426
436 458
385 403
326 343
451 470
355 369
384 410
327 345
489 520
390 417
589 614
