300 30
34 100
22 21
44 83
33 38
32 31
98 99
3 88
74 66
16 83
52 10
59 71
39 96
8 50
64 29
84 66
86 98
18 75
55 58
19 24
2 78
59 69
40 71
65 6
21 24
64 39
67 42
29 90
64 72
87 76
32 22
50 15
14 43
81 13
1 27
44 8
50 19
41 49
17 59
14 28
10 17
25 95
81 38
15 68
44 51
34 53
78 47
38 85
4 9
10 51
51 85
18 41
4 100
65 14
31 91
25 19
26 12
15 5
47 1
100 41
58 14
49 84
58 37
84 55
3 79
96 23
11 27
57 27
4 100
75 80
98 50
54 17
88 4
32 47
61 100
86 28
43 63
55 7
31 53
52 20
21 71
37 65
34 89
71 86
22 28
41 60
73 60
43 76
73 56
18 1
27 67
83 93
21 68
25 10
59 95
92 3
36 66
43 18
91 18
36 4
25 29
6 78
100 38
35 51
88 7
45 59
2 2
35 59
3 54
69 1
87 96
72 75
79 98
23 10
51 83
100 21
36 13
17 76
58 89
16 47
61 46
58 50
76 75
56 18
89 6
8 92
51 19
40 78
48 58
72 72
1 85
25 59
53 68
75 32
8 13
60 56
15 2
92 2
3 31
67 2
69 8
93 50
85 73
34 41
24 32
35 62
46 80
53 78
32 96
46 63
61 25
52 13
73 67
81 4
88 53
68 23
24 91
6 94
10 13
16 53
86 100
56 56
10 97
64 58
34 54
75 67
46 27
78 83
93 42
28 91
81 55
47 78
7 36
29 81
84 26
36 87
56 99
58 30
33 84
62 72
76 58
74 84
92 13
32 95
13 95
53 77
86 86
85 14
37 38
35 60
67 5
52 33
35 12
90 86
25 10
82 23
7 73
62 44
38 66
20 69
74 75
8 12
70 10
52 50
12 88
7 67
35 63
60 93
12 55
91 29
65 60
65 21
40 9
63 25
86 1
95 4
62 53
83 14
39 85
62 24
21 83
72 82
52 26
36 90
59 70
62 61
22 33
14 96
92 87
5 13
47 53
94 80
25 91
68 74
42 20
31 78
52 62
62 14
22 94
19 30
3 76
54 81
64 55
85 96
85 9
62 54
84 1
53 97
49 15
43 33
55 99
12 65
18 94
66 94
70 35
70 97
83 48
41 37
31 89
44 12
23 70
37 32
24 45
21 46
42 97
20 69
27 64
51 22
85 87
30 47
62 22
41 23
37 90
85 28
97 33
27 39
43 70
27 53
27 76
11 22
70 22
22 3
95 47
3 75
20 66
88 64
12 4
69 27
8 67
35 45
54 6
96 99
9 25
75 75
78 22
71 10
11 44
86 59
70 97
91 2
85 66
372 387
526 562
356 377
467 492
419 438
525 551
511 539
324 338
456 486
559 585
427 447
424 450
476 505
309 324
474 496
420 439
348 362
547 570
310 327
537 567
500 524
353 373
451 468
442 460
481 513
373 388
373 394
497 520
344 364
306 326
