300 30
93 87
64 4
3 82
26 93
43 70
55 23
4 14
1 63
2 40
65 27
65 86
89 39
22 4
34 42
10 46
38 6
15 77
79 4
67 45
69 36
98 34
92 33
27 43
64 47
88 59
97 1
24 64
88 30
32 34
52 96
98 30
27 59
16 96
29 15
28 71
25 98
43 36
64 37
67 70
38 62
76 71
33 90
23 38
99 38
35 15
34 20
52 3
51 8
77 23
49 39
97 18
82 87
22 10
88 48
55 47
30 37
58 76
13 99
27 45
35 72
21 53
63 53
33 57
81 37
83 76
16 83
73 10
92 25
87 56
93 36
79 11
65 37
69 87
26 72
50 37
62 29
43 83
42 45
41 5
18 59
89 99
1 33
34 80
23 19
55 83
29 80
94 78
10 31
85 60
96 29
76 81
44 69
26 63
86 53
78 20
27 1
9 93
49 69
87 95
52 68
77 28
85 68
85 22
83 72
49 43
32 36
62 44
59 13
35 74
68 5
14 22
23 17
73 31
72 34
94 29
74 10
20 73
44 64
41 64
92 65
73 26
23 8
41 23
92 48
29 92
29 98
25 54
78 51
5 33
37 46
63 40
2 78
53 32
53 79
27 22
85 76
44 64
42 92
16 4
5 99
67 68
68 8
43 5
25 70
76 73
11 15
18 50
23 5
69 86
50 34
71 91
26 39
77 16
58 62
52 18
20 24
95 81
70 38
86 26
34 18
34 9
91 56
29 18
79 18
40 84
63 7
52 99
92 20
38 50
26 16
13 39
2 32
95 14
52 26
4 84
47 91
71 38
11 11
63 39
8 28
21 18
13 15
3 27
43 31
16 52
78 85
36 19
45 41
74 67
18 74
61 93
23 69
49 80
65 11
44 47
10 57
32 64
18 77
25 65
97 14
36 73
20 70
48 100
80 98
52 42
11 62
62 91
2 12
84 31
43 41
26 68
9 45
63 45
40 2
75 95
36 77
34 25
30 87
77 60
55 11
22 91
37 60
88 95
40 29
25 9
27 51
40 81
87 65
48 58
43 97
84 26
21 27
8 83
33 19
98 29
30 53
27 95
10 17
20 44
61 93
8 87
67 65
31 72
30 45
41 89
25 11
99 73
1 18
14 12
57 49
36 10
87 90
87 3
29 81
94 88
52 65
40 3
82 75
39 49
68 31
66 25
6 41
56 78
66 30
49 27
92 74
90 34
64 25
1 35
21 65
36 41
37 93
61 70
82 38
95 28
12 61
3 75
26 24
97 96
96 58
46 41
60 62
50 66
47 5
57 56
93 1
41 100
83 67
13 2
64 58
93 9
7 44
81 100
48 81
94 13
28 79
21 57
64 2
33 26
100 86
500 534
556 585
527 557
650 691
492 520
711 752
676 720
661 698
710 751
632 661
394 417
399 416
447 476
511 544
540 573
680 721
457 488
506 529
539 569
596 624
506 532
495 528
512 539
704 741
461 481
395 415
395 413
618 656
631 665
623 663
