300 30
45 14
72 92
7 77
63 6
100 53
34 15
16 25
37 16
24 66
31 89
70 5
28 84
82 48
3 49
92 85
100 33
56 1
66 91
19 96
79 59
43 68
93 69
78 94
49 7
75 15
87 3
55 81
73 34
79 64
54 92
32 49
20 56
60 98
1 1
25 58
41 50
88 52
39 63
38 50
30 36
93 41
97 3
78 80
66 49
31 18
41 59
39 11
24 43
93 28
14 93
100 42
89 34
83 16
41 35
36 98
47 6
78 88
12 36
85 22
5 2
41 78
33 1
35 38
97 2
71 30
82 38
13 47
42 69
74 56
57 37
20 64
95 5
78 86
76 42
71 72
47 93
18 20
90 29
68 46
77 7
52 24
98 91
32 44
97 6
27 79
5 46
39 32
3 77
48 76
9 81
1 61
52 6
56 23
89 19
13 17
77 67
6 83
67 6
25 40
76 72
72 11
6 48
36 90
1 27
43 12
44 26
44 73
88 79
9 95
14 100
65 13
59 59
57 31
29 11
15 81
42 45
91 3
33 31
18 56
99 96
54 70
92 70
83 84
46 42
8 35
61 45
28 22
52 95
79 91
8 18
72 55
95 59
92 42
3 27
64 74
41 31
23 99
57 41
67 41
31 44
56 67
88 51
47 78
81 73
30 78
43 60
61 90
92 83
38 88
35 20
49 41
17 69
48 41
85 75
7 100
80 5
85 19
79 80
25 41
84 51
48 56
71 98
1 37
39 48
15 35
23 75
99 62
15 10
59 37
28 54
47 2
63 40
22 40
21 21
41 92
61 95
32 6
9 7
72 27
82 41
37 48
79 96
49 7
23 4
58 90
77 4
75 51
94 11
70 3
56 79
25 55
12 93
85 14
15 65
11 89
29 47
79 32
47 53
57 83
47 15
90 16
38 39
40 76
10 10
14 88
61 79
28 76
74 7
15 23
89 73
5 26
28 44
20 2
76 77
68 77
51 5
72 56
8 88
60 44
76 42
70 4
27 63
8 92
77 44
92 11
8 32
51 82
86 79
91 83
96 93
5 87
71 97
43 56
46 20
3 24
39 67
100 86
62 41
88 71
45 100
32 34
62 53
8 83
41 66
59 25
91 28
94 37
8 23
74 39
30 34
38 19
16 37
10 96
27 1
61 83
48 25
32 72
35 53
46 30
70 45
64 46
42 7
79 83
83 29
56 85
44 87
10 91
32 65
86 62
2 90
35 72
75 9
54 80
64 11
4 5
87 7
49 90
62 24
99 13
26 61
94 88
70 51
14 1
80 32
97 28
13 95
21 35
99 34
40 56
99 9
97 29
82 33
52 1
23 81
83 5
89 29
48 75
36 40
2 63
21 66
586 610
494 526
459 483
496 516
744 779
475 506
562 595
701 745
421 440
463 490
622 651
482 504
724 759
631 655
685 717
449 481
416 437
688 729
674 718
674 714
658 702
413 435
416 444
544 566
686 732
518 552
625 662
458 487
730 781
715 761
