300 30
15 56
83 3
62 51
6 31
55 88
39 14
30 65
80 91
31 51
43 74
96 32
76 92
58 64
23 73
95 77
3 73
84 3
65 87
31 27
95 82
21 46
38 25
88 69
6 88
29 18
82 23
68 51
82 35
53 8
1 13
1 94
52 11
93 23
27 42
65 63
50 54
10 54
46 62
1 7
35 36
12 85
19 33
52 88
100 79
98 73
3 58
94 13
69 42
84 64
62 15
21 23
40 45
18 97
25 96
21 7
85 66
77 47
39 59
88 80
29 76
8 33
25 6
75 28
20 64
97 53
1 52
12 69
41 78
91 42
52 72
5 67
77 77
51 100
28 90
76 58
76 48
6 23
23 62
29 45
59 76
12 18
5 46
94 81
85 48
99 53
91 41
41 16
79 74
11 82
34 14
37 58
60 72
34 13
27 95
96 24
40 17
32 65
78 19
79 27
67 93
12 73
50 77
65 74
81 3
60 20
61 23
41 97
18 51
32 33
47 15
83 10
23 99
48 87
66 7
33 51
43 44
77 21
92 86
49 91
4 42
77 100
86 100
52 2
25 43
9 91
85 34
93 82
20 48
9 46
62 40
23 33
5 78
19 52
97 38
45 91
6 71
89 54
47 81
96 77
37 27
30 11
72 50
40 20
42 10
73 74
8 45
98 68
53 39
18 97
71 98
54 5
96 35
52 23
74 50
93 12
57 68
82 95
90 32
72 1
36 92
24 43
98 70
43 37
24 43
100 88
81 46
8 18
11 56
70 28
96 23
9 91
47 19
24 56
28 17
29 67
7 16
71 12
89 18
76 84
24 39
95 100
81 59
2 13
81 20
77 64
49 85
39 8
68 58
10 5
66 1
2 86
91 57
8 13
84 37
83 5
57 21
85 38
26 4
23 64
15 31
25 72
79 13
45 71
59 29
31 77
42 68
41 84
56 63
97 90
88 7
1 57
30 94
85 100
15 23
91 88
41 83
54 48
62 46
91 11
63 7
86 25
63 55
2 97
8 65
40 88
81 12
93 73
99 32
50 87
42 35
60 52
41 63
36 42
4 81
26 90
29 83
31 20
100 79
52 71
53 51
40 55
87 57
67 63
76 62
37 8
32 85
75 13
51 100
10 91
74 35
20 90
72 33
61 52
60 93
42 60
58 100
31 81
81 37
49 54
6 70
73 5
23 96
12 69
80 68
87 72
10 47
11 59
56 82
46 58
39 80
25 14
89 95
62 86
52 12
72 56
36 55
2 51
30 63
23 96
82 76
42 33
53 10
58 84
98 83
13 59
50 67
41 2
96 96
16 39
19 78
61 51
1 96
31 56
49 5
51 43
95 72
7 68
75 58
7 12
47 55
409 601
380 567
419 576
263 352
355 512
303 491
278 357
255 373
360 484
248 401
317 484
356 501
374 476
239 370
480 615
385 508
320 498
370 491
378 482
240 382
445 566
350 509
269 386
219 350
362 516
332 507
376 503
374 595
302 488
321 444
