300 30
15 15
21 21
3 3
47 47
22 22
67 67
71 71
15 15
66 66
37 37
43 43
63 63
81 81
21 21
69 69
64 64
72 72
44 44
76 76
37 37
59 59
47 47
75 75
22 22
56 56
28 28
87 87
40 40
26 26
52 52
93 93
32 32
62 62
48 48
20 20
62 62
44 44
83 83
44 44
4 4
70 70
66 66
59 59
53 53
60 60
88 88
20 20
12 12
33 33
26 26
52 52
95 95
73 73
35 35
95 95
49 49
66 66
71 71
59 59
16 16
33 33
82 82
66 66
3 3
5 5
85 85
89 89
77 77
61 61
22 22
25 25
7 7
84 84
80 80
11 11
12 12
98 98
46 46
47 47
49 49
65 65
54 54
63 63
6 6
50 50
18 18
26 26
20 20
63 63
88 88
70 70
52 52
68 68
48 48
1 1
69 69
40 40
63 63
79 79
84 84
30 30
7 7
9 9
25 25
5 5
5 5
7 7
6 6
37 37
36 36
54 54
97 97
77 77
73 73
80 80
64 64
47 47
30 30
13 13
37 37
31 31
58 58
40 40
99 99
71 71
37 37
32 32
5 5
43 43
6 6
70 70
2 2
82 82
49 49
18 18
63 63
40 40
14 14
62 62
3 3
94 94
47 47
81 81
70 70
39 39
34 34
13 13
99 99
1 1
47 47
28 28
99 99
1 1
87 87
87 87
33 33
11 11
51 51
51 51
98 98
8 8
62 62
37 37
34 34
96 96
9 9
31 31
79 79
20 20
98 98
58 58
28 28
35 35
32 32
32 32
79 79
65 65
27 27
1 1
76 76
86 86
32 32
48 48
52 52
37 37
76 76
90 90
65 65
61 61
25 25
87 87
27 27
4 4
47 47
87 87
62 62
26 26
67 67
87 87
22 22
92 92
55 55
55 55
74 74
36 36
24 24
11 11
81 81
40 40
67 67
63 63
62 62
30 30
55 55
22 22
7 7
19 19
35 35
75 75
7 7
75 75
70 70
7 7
23 23
98 98
53 53
76 76
78 78
63 63
60 60
39 39
1 1
2 2
35 35
51 51
99 99
12 12
8 8
51 51
37 37
17 17
99 99
31 31
11 11
75 75
52 52
79 79
80 80
86 86
32 32
35 35
46 46
34 34
50 50
96 96
90 90
76 76
39 39
55 55
5 5
41 41
94 94
83 83
35 35
60 60
67 67
88 88
80 80
63 63
94 94
2 2
43 43
34 34
99 99
44 44
45 45
8 8
41 41
14 14
97 97
94 94
57 57
4 4
55 55
31 31
38 38
22 22
23 23
76 76
51 51
75 75
14 14
86 86
82 82
47 47
95 95
60 60
89 89
66 66
41 41
588 698
629 736
389 445
537 622
425 495
550 656
474 584
498 567
496 601
552 645
384 439
611 720
592 732
569 643
418 503
402 469
577 665
365 431
414 488
512 593
407 477
641 739
410 479
337 414
470 537
361 431
501 590
412 487
341 421
448 557
