300 30
35 35
41 41
13 13
88 88
49 49
77 77
84 84
35 35
58 58
41 41
38 38
56 56
60 60
81 81
82 82
67 67
75 75
41 41
42 42
28 28
51 51
44 44
52 52
39 39
81 81
78 78
61 61
58 58
77 77
6 6
27 27
61 61
88 88
48 48
38 38
21 21
11 11
79 79
5 5
90 90
83 83
19 19
61 61
50 50
35 35
57 57
76 76
59 59
76 76
40 40
57 57
59 59
59 59
100 100
91 91
44 44
39 39
78 78
64 64
97 97
57 57
34 34
41 41
98 98
15 15
90 90
9 9
13 13
99 99
96 96
16 16
59 59
83 83
43 43
27 27
56 56
90 90
19 19
95 95
100 100
16 16
51 51
4 4
22 22
30 30
62 62
82 82
7 7
75 75
77 77
61 61
8 8
46 46
42 42
53 53
4 4
43 43
87 87
56 56
53 53
89 89
51 51
40 40
94 94
66 66
7 7
40 40
94 94
95 95
65 65
13 13
78 78
17 17
57 57
15 15
68 68
37 37
20 20
51 51
50 50
2 2
12 12
71 71
76 76
86 86
94 94
91 91
79 79
17 17
78 78
39 39
78 78
51 51
2 2
43 43
59 59
8 8
54 54
76 76
30 30
76 76
90 90
94 94
61 61
31 31
95 95
54 54
52 52
60 60
32 32
20 20
48 48
64 64
81 81
32 32
84 84
99 99
54 54
43 43
35 35
56 56
8 8
60 60
26 26
89 89
53 53
16 16
87 87
58 58
1 1
73 73
70 70
88 88
31 31
16 16
8 8
2 2
7 7
62 62
21 21
49 49
10 10
50 50
69 69
74 74
79 79
21 21
1 1
53 53
58 58
96 96
64 64
34 34
11 11
88 88
27 27
34 34
81 81
38 38
62 62
80 80
47 47
33 33
96 96
70 70
80 80
9 9
7 7
2 2
27 27
18 18
24 24
45 45
8 8
40 40
20 20
63 63
50 50
44 44
18 18
3 3
72 72
6 6
54 54
5 5
61 61
67 67
67 67
59 59
5 5
37 37
12 12
71 71
27 27
95 95
81 81
33 33
83 83
24 24
10 10
78 78
54 54
4 4
12 12
69 69
38 38
65 65
85 85
22 22
33 33
85 85
60 60
30 30
94 94
23 23
87 87
97 97
24 24
72 72
37 37
73 73
41 41
29 29
55 55
73 73
32 32
45 45
99 99
5 5
42 42
21 21
5 5
31 31
65 65
29 29
27 27
47 47
57 57
86 86
40 40
57 57
17 17
63 63
75 75
79 79
89 89
25 25
12 12
77 77
59 59
49 49
60 60
23 23
74 74
59 59
19 19
64 64
16 16
2 2
57 57
409 486
465 522
564 689
565 660
367 433
608 743
428 493
577 674
582 651
523 645
438 517
424 522
616 694
616 745
361 438
587 673
447 542
496 593
623 730
388 446
392 456
636 768
618 694
369 435
418 511
608 712
399 462
414 500
403 479
538 665
