300 30
77 87
74 84
60 70
100 100
42 52
53 63
29 39
63 73
73 83
10 20
15 25
95 100
27 37
33 43
37 47
79 89
22 32
14 24
84 94
68 78
14 24
13 23
47 57
23 33
88 98
52 62
54 64
19 29
16 26
94 100
22 32
16 26
33 43
94 100
85 95
49 59
38 48
35 45
46 56
95 100
54 64
22 32
33 43
71 81
3 13
72 82
37 47
94 100
6 16
23 33
54 64
38 48
56 66
18 28
70 80
17 27
81 91
49 59
97 100
45 55
70 80
45 55
50 60
68 78
51 61
75 85
49 59
83 93
93 100
3 13
87 97
50 60
21 31
70 80
28 38
62 72
63 73
24 34
29 39
53 63
93 100
36 46
86 96
84 94
52 62
64 74
88 98
55 65
99 100
1 11
56 66
70 80
69 79
84 94
46 56
8 18
3 13
13 23
67 77
20 30
20 30
1 11
27 37
24 34
4 14
80 90
75 85
40 50
42 52
99 100
66 76
55 65
54 64
60 70
8 18
78 88
93 100
19 29
100 100
40 50
46 56
75 85
92 100
43 53
55 65
100 100
30 40
11 21
3 13
15 25
30 40
7 17
19 29
62 72
2 12
64 74
52 62
86 96
82 92
12 22
41 51
36 46
27 37
32 42
57 67
93 100
85 95
42 52
67 77
53 63
11 21
11 21
5 15
13 23
52 62
20 30
2 12
71 81
74 84
14 24
57 67
32 42
67 77
2 12
8 18
36 46
74 84
62 72
41 51
88 98
8 18
77 87
6 16
41 51
42 52
74 84
13 23
94 100
25 35
69 79
44 54
92 100
28 38
78 88
22 32
39 49
74 84
94 100
18 28
49 59
1 11
1 11
80 90
63 73
78 88
64 74
16 26
57 67
100 100
85 95
61 71
95 100
6 16
59 69
94 100
67 77
73 83
75 85
15 25
98 100
41 51
44 54
11 21
63 73
31 41
83 93
79 89
77 87
37 47
23 33
90 100
98 100
35 45
68 78
34 44
67 77
4 14
94 100
45 55
31 41
63 73
15 25
65 75
50 60
88 98
47 57
52 62
42 52
77 87
40 50
68 78
7 17
11 21
92 100
44 54
66 76
8 18
76 86
86 96
10 20
30 40
61 71
73 83
80 90
45 55
72 82
62 72
73 83
13 23
29 39
25 35
49 59
32 42
96 100
40 50
97 100
39 49
87 97
92 100
3 13
81 91
37 47
80 90
61 71
7 17
85 95
50 60
31 41
18 28
44 54
20 30
39 49
92 100
33 43
100 100
69 79
9 19
72 82
77 87
15 25
36 46
34 44
96 100
72 82
50 60
72 82
57 67
19 29
9 19
8 18
566 643
641 729
391 449
629 718
505 596
368 441
600 676
569 690
517 641
538 662
368 426
543 646
413 491
425 494
515 621
669 750
563 663
361 433
592 732
673 758
613 745
557 625
548 631
564 688
431 520
368 427
481 597
411 461
593 692
399 453
