300 30
16 26
91 100
54 64
54 64
93 100
81 91
38 48
74 84
22 32
41 51
58 68
76 86
23 33
76 86
81 91
2 12
49 59
48 58
89 99
87 97
9 19
24 34
31 41
52 62
85 95
45 55
73 83
33 43
31 41
53 63
4 14
98 100
99 100
40 50
24 34
35 45
46 56
56 66
37 47
79 89
87 97
23 33
73 83
83 93
34 44
90 100
50 60
66 76
15 25
83 93
71 81
88 98
94 100
47 57
45 55
24 34
29 39
78 88
41 51
73 83
65 75
48 58
69 79
72 82
53 63
56 66
91 100
74 84
78 88
2 12
22 32
35 45
86 96
82 92
71 81
85 95
13 23
15 25
40 50
42 52
21 31
55 65
34 44
17 27
18 28
49 59
26 36
4 14
24 34
38 48
34 44
73 83
37 47
96 100
99 100
26 36
36 46
71 81
38 48
37 47
33 43
46 56
29 39
47 57
79 89
14 24
5 15
38 48
25 35
32 42
75 85
82 92
4 14
42 52
33 43
97 100
32 42
46 56
100 100
20 30
32 42
33 43
28 38
63 73
18 28
37 47
99 100
2 12
2 12
72 82
9 19
99 100
74 84
69 79
78 88
75 85
1 11
95 100
77 87
77 87
96 100
52 62
24 34
89 99
99 100
72 82
37 47
76 86
32 42
83 93
51 61
47 57
11 21
89 99
57 67
35 45
53 63
38 48
37 47
93 100
89 99
64 74
98 100
37 47
80 90
97 100
67 77
89 99
24 34
58 68
46 56
97 100
15 25
67 77
98 100
4 14
78 88
85 95
51 61
14 24
59 69
54 64
51 61
70 80
79 89
59 69
52 62
38 48
12 22
64 74
79 89
39 49
16 26
78 88
6 16
58 68
57 67
86 96
64 74
100 100
100 100
95 100
84 94
76 86
43 53
25 35
9 19
6 16
47 57
56 66
20 30
2 12
78 88
71 81
27 37
92 100
33 43
61 71
36 46
84 94
74 84
85 95
39 49
3 13
89 99
3 13
82 92
6 16
81 91
74 84
30 40
45 55
50 60
74 84
74 84
50 60
25 35
87 97
5 15
10 20
17 27
18 28
4 14
41 51
8 18
73 83
83 93
88 98
95 100
36 46
44 54
67 77
2 12
77 87
48 58
34 44
25 35
55 65
76 86
95 100
69 79
84 94
46 56
61 71
25 35
33 43
39 49
15 25
88 98
71 81
8 18
67 77
5 15
83 93
57 67
20 30
43 53
58 68
2 12
36 46
31 41
84 94
26 36
82 92
81 91
60 70
18 28
89 99
65 75
71 81
41 51
87 97
69 79
5 15
34 44
94 100
43 53
42 52
80 90
76 86
597 671
518 581
381 442
714 801
389 479
501 598
522 637
523 640
390 440
384 458
407 504
603 690
660 788
670 774
455 522
495 570
558 688
649 779
531 608
371 436
393 464
450 515
574 675
588 690
620 735
636 719
481 570
681 765
389 476
529 625
