300 6
18 33
13 85
7 11
4 43
23 15
15 62
10 11
7 2
9 10
19 64
20 91
18 40
2 43
10 18
19 22
6 62
1 1
6 87
5 42
10 96
5 77
1 71
12 100
17 98
8 3
14 4
12 81
1 29
11 74
17 57
10 1
11 30
3 54
3 19
1 32
23 75
20 21
5 59
16 36
3 87
11 23
18 85
4 44
23 85
5 74
21 33
9 95
12 36
4 52
12 30
9 55
6 50
6 46
4 4
22 66
20 58
8 38
23 1
19 47
17 24
19 21
1 37
3 74
5 44
20 14
18 22
8 57
3 81
21 60
13 36
19 51
11 11
5 14
21 31
19 29
8 51
9 36
10 62
10 7
20 87
1 6
16 83
21 62
6 54
17 75
11 61
4 79
17 22
1 32
4 87
21 82
14 15
1 45
23 41
15 3
14 40
17 94
17 95
18 80
12 18
9 60
19 53
9 50
17 56
3 3
19 11
14 26
23 60
18 8
16 91
7 5
15 67
2 42
12 92
21 27
8 8
18 73
3 82
12 78
22 6
5 98
13 4
16 59
21 10
17 79
8 35
21 63
10 67
9 41
11 2
13 63
4 29
18 58
3 17
16 3
4 97
18 62
21 47
19 13
17 85
12 31
11 92
3 91
4 26
14 87
19 67
20 10
4 8
2 5
7 80
12 60
22 7
22 41
22 44
1 6
4 82
8 87
20 16
5 96
15 55
10 8
23 87
3 34
4 22
17 12
16 28
20 52
2 49
3 40
12 20
23 34
7 22
18 34
11 57
8 16
9 24
14 77
7 67
18 91
21 47
5 11
8 49
4 21
9 21
23 59
5 53
23 11
7 52
4 41
10 59
11 78
22 16
10 89
17 23
12 63
18 75
21 10
10 22
13 25
1 80
23 25
8 1
8 82
3 29
17 98
15 7
22 64
9 87
4 42
11 53
7 6
5 8
7 67
16 50
14 57
16 89
16 54
20 81
22 45
22 66
22 53
19 27
23 23
11 55
5 64
3 28
22 10
21 34
3 63
21 10
16 64
8 76
13 33
3 1
15 72
1 31
15 65
9 65
13 95
6 98
11 75
21 60
22 12
1 91
15 92
1 67
7 76
3 73
17 15
2 51
20 4
2 36
18 26
18 89
10 47
10 79
3 86
1 54
3 31
19 28
20 26
12 5
19 56
20 15
10 21
7 86
5 1
15 21
17 5
12 21
2 39
19 73
8 88
19 95
14 54
8 57
14 80
8 5
15 65
2 54
20 3
10 31
9 3
16 14
14 20
18 58
6 70
7 100
7 35
4 61
5 50
2 84
20 15
19 16
5 82
13 80
14 21
11 39
2 79
22 77
810 909
678 780
660 772
623 758
518 612
432 524
