300 30
23 46
83 72
17 61
17 91
33 62
33 62
48 64
54 96
34 64
70 22
44 64
25 37
11 65
21 55
53 50
49 47
12 75
27 67
99 99
22 95
47 43
96 61
15 51
66 6
73 15
94 93
82 21
93 5
18 37
6 56
34 96
21 98
14 95
26 94
21 100
24 6
3 3
16 97
74 57
8 20
20 57
1 76
3 56
47 92
57 41
77 61
18 77
87 53
97 64
85 64
39 73
47 41
67 68
61 40
57 58
40 24
42 96
15 74
23 99
20 74
62 40
52 3
84 3
70 64
95 33
74 37
47 30
50 96
2 77
38 31
73 47
24 9
28 11
73 86
27 85
67 15
20 13
95 83
48 89
29 40
43 18
85 65
39 89
44 72
11 55
2 67
37 13
61 69
76 75
83 28
84 53
65 6
40 18
7 50
21 91
80 40
44 59
11 69
35 97
4 93
36 21
84 7
6 39
57 76
35 25
7 3
21 34
23 42
82 77
72 26
68 51
27 16
92 66
19 93
99 31
43 85
3 50
56 9
10 13
54 62
36 45
16 19
24 51
11 89
2 48
65 16
31 25
16 87
78 9
17 49
92 81
81 27
2 94
70 53
18 82
63 25
85 5
68 83
19 99
38 52
1 67
29 51
5 35
60 73
22 62
39 57
71 8
12 86
70 2
96 83
42 43
96 17
78 98
34 97
46 71
11 76
78 23
87 92
42 44
8 7
22 22
19 93
61 64
85 86
29 86
69 4
96 86
69 85
15 9
87 2
9 65
97 44
12 15
51 64
92 11
58 63
84 76
33 100
23 68
87 16
45 76
22 68
16 19
8 22
36 25
56 34
34 25
58 51
23 12
78 74
50 56
10 71
15 90
35 39
45 82
96 28
75 29
85 44
77 28
4 74
41 19
80 94
11 82
43 12
97 83
20 9
74 30
100 38
75 54
59 88
98 95
81 32
44 68
34 92
47 56
24 10
81 55
17 4
24 12
67 50
100 72
6 88
63 88
21 83
88 73
76 44
46 82
77 91
9 22
71 52
31 69
19 75
51 4
95 73
64 11
2 90
54 96
19 36
26 95
69 89
79 83
58 20
45 81
92 15
62 73
22 46
54 70
23 48
92 92
70 83
64 48
77 82
21 13
70 72
58 19
77 72
99 28
62 21
82 55
66 94
43 47
75 65
16 54
61 59
16 3
84 73
19 20
24 41
81 13
93 79
29 4
50 31
4 16
4 47
82 45
37 92
31 56
92 34
60 60
98 32
84 9
69 48
61 57
39 88
86 80
39 92
31 49
89 36
48 89
77 76
18 87
26 57
96 98
46 60
14 50
53 6
42 10
2 2
96 14
98 87
441 506
505 617
493 597
516 629
572 696
429 515
512 603
441 541
417 517
483 561
472 564
400 464
575 673
610 718
409 484
589 701
601 740
520 600
609 718
551 654
334 399
610 723
445 507
526 646
468 566
424 488
602 679
636 727
390 484
606 727
