300 60
56 38
96 63
2 89
24 70
81 74
67 19
48 37
25 95
14 80
97 17
68 58
95 46
92 20
27 97
20 40
42 92
30 2
58 90
49 56
72 83
89 42
9 58
38 23
38 98
40 37
3 44
23 5
63 4
82 16
11 56
91 8
40 50
100 49
85 84
97 3
95 29
5 43
96 44
40 47
2 9
94 24
54 65
13 87
56 9
15 53
68 5
92 15
59 96
48 40
37 60
19 72
70 23
82 78
25 67
31 87
11 72
49 87
10 28
45 73
58 2
50 73
46 33
11 86
83 72
63 13
60 25
21 39
35 49
2 43
100 38
35 82
35 40
46 93
35 15
63 26
49 87
23 66
35 56
65 1
17 31
61 53
67 94
87 6
93 65
67 27
13 83
1 40
90 16
10 60
86 40
80 61
39 37
51 92
13 76
89 81
30 64
49 51
82 24
3 23
3 88
1 27
47 26
99 52
2 91
62 46
87 31
75 68
57 12
65 81
48 65
86 26
47 45
56 1
28 44
49 17
67 93
91 4
57 97
32 32
82 98
68 45
3 87
62 82
93 82
12 31
90 46
18 52
52 56
94 16
48 40
7 32
73 46
5 28
58 84
38 17
59 61
16 15
10 93
49 25
5 9
86 1
72 69
59 63
63 92
4 96
51 100
100 39
36 39
9 60
26 91
21 4
18 54
13 81
87 8
5 49
52 99
42 9
100 7
76 29
93 50
40 57
12 23
43 26
16 68
59 99
65 96
28 24
92 49
20 5
57 67
71 68
80 70
9 27
4 70
60 14
25 18
26 51
18 96
98 41
11 34
21 50
90 1
21 53
1 47
22 70
7 66
70 57
6 89
14 89
77 65
21 16
3 10
58 50
35 9
6 2
5 39
75 48
40 68
70 89
18 53
57 21
65 100
100 81
90 2
24 92
74 23
86 83
50 74
57 57
10 27
21 48
24 54
3 24
15 92
94 27
86 21
45 40
27 74
64 1
76 23
27 50
64 20
7 82
26 62
90 28
44 80
39 50
4 51
93 70
59 45
33 19
36 28
65 23
61 69
33 87
14 64
85 92
73 58
60 66
88 18
7 94
18 84
99 47
40 26
20 40
34 15
2 73
27 98
90 74
25 51
66 78
29 38
100 20
60 3
90 8
16 53
63 20
26 90
94 99
91 5
32 71
93 14
44 47
39 78
25 60
13 87
73 65
9 70
52 100
83 16
74 7
79 50
24 82
25 86
78 32
13 70
66 42
14 100
62 41
74 54
18 40
38 85
72 52
79 83
18 34
71 19
3 7
18 9
66 4
51 45
49 81
98 87
81 28
39 22
26 1
38 11
44 18
85 24
75 1
5 35
288 340
242 279
269 306
176 202
300 340
257 312
196 224
261 314
268 316
263 298
183 206
242 297
312 356
288 331
272 330
213 239
238 291
173 213
257 314
209 255
182 212
260 292
246 279
209 241
277 343
160 199
246 277
242 289
274 326
283 337
178 222
208 257
246 304
180 221
269 308
279 316
171 201
249 285
293 329
321 360
217 265
305 350
195 241
265 327
204 253
231 272
323 364
183 208
173 204
205 248
296 351
194 227
287 344
248 296
208 236
220 273
284 350
207 250
208 254
305 349
