300 15
53 31
55 53
37 88
8 93
51 65
56 93
13 48
14 36
45 92
6 42
4 50
20 80
11 86
58 84
14 4
13 57
26 17
28 57
2 37
51 66
44 94
18 8
7 93
1 52
22 20
29 68
5 79
27 89
57 13
24 17
9 48
25 57
17 20
16 28
11 28
26 22
46 51
50 70
54 6
39 74
33 43
23 75
28 1
36 76
43 73
14 89
23 1
52 6
43 62
3 33
53 67
45 36
25 9
27 36
8 1
42 32
58 76
40 50
31 93
42 5
58 70
11 21
27 48
56 75
16 38
36 23
12 22
59 95
6 75
24 8
30 36
20 1
25 93
5 13
31 39
50 29
17 24
38 52
10 42
55 40
54 44
55 93
54 34
48 90
33 34
39 87
34 54
49 48
18 53
11 100
32 40
21 85
18 71
36 74
54 49
29 50
15 93
23 27
38 99
58 64
9 19
32 56
30 71
55 36
15 59
36 31
59 87
30 28
43 99
16 82
59 37
17 90
39 66
44 11
2 100
38 21
15 78
15 73
59 98
30 20
57 91
26 92
22 31
12 15
27 47
28 66
48 14
12 99
53 9
50 79
38 49
54 13
23 43
46 50
56 3
22 100
2 31
19 41
5 15
10 72
29 98
54 88
52 75
5 80
40 73
4 20
19 45
18 11
10 73
18 53
36 72
32 38
5 90
15 63
47 42
44 68
58 15
6 78
40 71
34 96
17 12
47 33
18 18
17 74
32 72
52 90
48 76
39 58
51 62
44 86
31 73
8 43
43 71
26 41
29 34
30 52
43 37
55 21
11 28
44 69
45 36
38 13
38 39
6 94
6 61
45 44
57 76
23 15
8 57
6 17
6 69
23 57
39 59
38 59
2 44
31 62
17 52
59 91
23 65
7 75
43 82
51 53
10 6
20 80
20 72
53 3
4 51
16 25
9 90
24 1
5 89
21 8
10 83
49 38
28 90
27 46
20 66
57 28
46 56
2 1
13 94
18 79
25 80
39 71
44 78
45 51
44 51
9 87
21 3
43 2
7 70
8 14
13 37
35 99
18 13
1 98
24 42
26 29
43 82
34 71
33 64
44 1
1 65
52 96
59 85
48 5
10 26
22 72
39 4
42 19
13 34
55 54
22 7
3 76
34 90
14 54
1 98
4 98
24 97
47 28
20 83
20 55
30 45
38 31
10 45
36 1
2 17
25 36
37 79
55 42
47 43
40 88
32 5
54 90
58 72
9 89
40 21
29 86
18 49
19 5
50 88
27 92
4 81
50 30
24 4
35 73
37 96
11 83
7 95
2 32
18 40
54 31
23 77
31 16
51 54
39 95
45 14
13 97
9 37
44 50
598 724
507 579
606 694
441 536
458 527
759 883
477 588
672 775
588 664
668 828
702 847
677 805
678 773
599 684
719 815
