300 30
98 13
1 3
61 24
69 21
43 87
15 17
85 2
66 53
11 93
47 84
13 23
24 88
77 64
26 73
62 26
53 54
92 39
23 57
21 36
64 79
11 13
16 15
88 79
63 69
51 43
5 20
72 74
2 99
20 48
32 12
70 24
92 64
77 8
7 83
59 33
24 32
100 61
57 81
69 26
43 17
46 15
94 56
11 57
80 4
95 26
52 76
79 24
65 91
30 63
2 41
14 17
88 6
78 52
7 76
44 22
70 71
75 67
42 9
2 52
72 97
99 63
64 54
38 71
28 72
6 21
79 79
71 78
56 16
12 99
43 97
35 80
89 64
41 37
52 48
91 85
70 52
72 66
2 23
63 20
60 99
27 30
30 6
49 27
87 11
97 15
66 9
56 25
62 89
20 75
86 38
64 30
34 30
89 69
3 54
15 34
5 28
19 67
86 58
22 96
23 34
35 76
42 12
81 88
61 19
77 62
62 13
53 21
81 22
4 56
59 12
40 11
52 18
6 30
97 32
90 69
78 8
74 36
87 20
27 73
81 95
43 85
11 23
19 91
93 78
3 66
64 47
20 34
94 86
38 78
22 74
91 25
16 28
39 100
32 66
17 21
73 65
55 62
89 22
66 52
67 55
47 20
58 100
37 8
84 1
84 36
90 19
42 74
60 4
27 34
94 39
80 11
27 91
5 85
8 68
82 86
4 72
6 100
22 50
38 38
84 2
78 30
72 69
74 11
92 21
27 22
64 41
31 92
23 48
2 25
93 28
100 29
30 75
73 55
30 28
86 74
11 67
59 55
66 49
20 45
84 63
52 71
52 27
18 95
4 28
65 93
19 16
97 48
28 37
51 46
45 24
7 60
23 52
5 40
66 8
14 58
41 6
33 9
93 61
25 48
87 70
34 59
39 83
71 70
96 78
27 17
64 64
98 21
54 51
49 88
100 61
55 63
97 3
8 93
90 61
41 74
76 8
11 77
90 85
9 46
91 46
91 61
16 2
25 13
84 18
63 54
25 60
11 65
21 100
49 34
26 76
38 19
28 14
45 51
25 65
81 89
48 80
93 70
36 56
81 20
39 61
37 8
25 100
56 29
53 61
87 42
24 16
96 62
64 74
70 5
15 15
63 26
55 9
83 50
95 89
85 57
13 13
89 86
95 20
25 43
41 76
55 88
69 8
46 44
11 16
46 9
21 75
66 4
37 77
3 63
43 72
68 69
38 83
75 54
100 68
95 33
22 34
70 75
76 75
63 35
25 78
68 60
81 28
86 78
42 90
7 67
97 29
100 99
97 41
31 93
96 80
65 28
42 59
77 85
84 65
87 78
47 75
87 99
52 49
16 62
46 89
580 685
536 622
689 778
452 518
507 602
661 766
438 501
672 759
576 651
585 684
435 513
531 626
387 444
502 575
559 634
413 506
631 728
469 537
420 508
654 776
415 515
559 675
571 694
559 671
397 474
399 462
594 699
685 782
658 760
622 746
