300 15
52 18
46 61
27 72
11 23
48 68
53 65
22 84
11 52
17 13
43 43
19 51
51 89
15 44
13 37
28 18
44 18
46 31
22 4
48 85
39 44
58 2
17 48
9 44
42 97
16 6
14 31
11 18
48 2
30 49
53 50
23 46
12 64
42 49
3 10
49 57
48 14
55 58
37 31
48 7
31 71
19 7
53 79
19 99
7 89
51 74
2 46
41 29
23 69
45 75
12 91
12 76
44 60
40 25
2 26
44 62
46 29
38 40
55 70
31 7
19 44
24 45
13 63
31 33
17 57
17 28
53 14
32 73
30 13
47 3
28 49
43 86
49 37
34 19
49 56
26 84
34 80
6 90
53 5
15 64
38 66
41 15
52 3
31 13
32 11
47 83
14 75
5 22
52 100
12 9
41 51
17 99
54 35
32 84
38 40
39 11
43 40
14 88
21 69
46 79
50 68
49 74
2 37
16 51
27 38
51 77
35 1
53 90
42 27
56 33
29 93
16 12
9 10
1 95
20 47
15 20
27 79
56 26
27 51
35 99
15 38
34 57
25 23
36 73
19 17
28 97
53 10
51 33
6 95
13 85
37 92
15 100
43 47
46 72
47 2
20 35
22 2
2 57
20 88
42 54
4 42
7 1
8 98
53 9
25 99
47 97
54 77
21 15
55 27
15 41
8 30
56 88
21 46
22 70
39 71
10 8
9 68
12 84
9 58
1 53
26 74
45 75
51 51
6 49
23 29
11 9
8 89
59 23
6 70
53 75
11 81
39 50
13 52
7 12
49 69
48 46
2 61
27 2
26 5
18 9
53 6
49 76
4 46
28 54
43 44
31 14
41 20
54 80
41 84
52 63
56 25
23 19
7 17
34 9
3 95
45 47
19 80
8 99
51 36
55 61
11 6
43 22
22 87
26 27
11 71
6 14
29 37
42 10
33 3
44 62
11 58
53 8
25 15
53 19
39 54
46 57
32 51
35 38
3 83
26 100
31 26
47 79
30 54
51 56
52 44
49 53
20 50
13 25
23 94
42 5
30 100
6 3
50 95
24 77
26 19
58 18
56 65
4 85
5 46
53 82
29 64
28 16
16 40
44 99
42 6
58 94
28 97
13 59
23 29
54 66
2 88
6 10
45 81
33 64
48 63
24 50
1 82
26 98
56 10
29 23
32 36
5 41
51 23
23 88
2 54
48 51
6 19
18 24
7 76
49 1
59 5
56 97
32 16
57 18
24 3
45 9
33 26
57 97
5 52
3 84
7 93
55 8
21 33
43 100
41 86
25 4
1 29
55 15
15 76
12 94
12 55
7 22
19 88
21 60
40 46
57 90
48 35
29 14
40 92
32 51
29 43
491 564
555 634
625 704
443 549
667 793
706 797
731 841
547 657
740 902
757 870
691 815
682 847
705 831
672 825
633 778
