300 6
12 17
22 49
8 43
11 13
12 38
19 18
16 3
7 13
1 78
7 54
5 9
20 61
21 93
8 62
17 33
13 83
23 29
20 66
12 76
23 9
18 44
1 29
18 99
3 40
14 92
14 32
2 71
20 99
19 52
8 61
4 35
8 20
18 91
7 89
20 66
16 3
9 71
17 31
14 45
20 61
17 60
8 65
21 53
8 28
17 55
10 20
13 5
7 33
6 31
16 14
17 69
10 8
15 46
5 86
17 23
15 23
6 49
16 4
7 66
14 33
23 77
23 2
13 38
17 40
22 68
4 37
15 46
18 94
10 2
9 68
17 79
10 16
20 77
19 94
23 15
17 10
18 47
11 59
8 39
16 60
6 40
2 26
8 42
4 71
13 100
4 88
8 50
16 64
11 81
4 78
6 1
15 22
9 13
10 82
20 51
5 13
9 55
12 41
19 20
7 90
12 1
6 72
11 3
11 23
9 93
18 26
12 98
4 3
12 82
6 68
21 100
6 93
7 83
4 100
4 78
15 8
6 18
16 6
19 48
4 75
8 25
11 25
13 80
4 24
19 61
1 60
22 14
5 9
18 95
19 66
16 91
21 3
16 71
21 58
11 21
14 41
18 100
5 63
8 3
21 22
5 51
14 15
11 98
16 18
1 18
3 58
8 84
23 58
16 98
10 86
5 39
8 9
8 88
8 16
15 71
20 22
15 3
11 23
22 8
22 12
15 34
23 88
13 95
23 32
19 20
19 30
14 28
15 41
5 96
11 95
6 33
8 4
22 78
4 19
2 83
1 85
5 58
4 60
18 38
2 17
2 40
12 18
11 17
12 3
13 84
8 33
21 84
7 83
12 27
15 88
4 5
8 14
15 81
12 61
13 50
3 9
15 44
8 16
22 75
15 88
15 1
6 63
6 98
10 66
20 77
3 72
20 61
5 86
2 95
15 55
8 76
23 7
18 8
22 66
13 69
17 60
12 9
21 13
16 75
11 20
3 24
23 100
21 68
12 71
18 99
21 6
21 68
6 62
11 59
4 63
15 76
13 70
3 24
23 66
10 88
19 33
9 5
11 11
19 92
16 12
10 21
8 43
11 69
13 5
17 81
8 84
14 65
18 21
2 2
5 73
22 60
23 72
16 64
11 48
22 19
7 59
15 9
6 79
15 93
18 59
10 6
10 39
19 89
18 14
1 63
17 82
18 87
14 67
5 85
7 13
11 46
15 15
19 54
15 4
1 40
15 32
7 50
8 98
15 31
2 78
19 49
8 42
5 39
3 18
17 21
16 12
2 67
1 15
14 1
14 44
11 95
10 32
8 32
14 35
18 60
4 26
23 14
20 91
19 49
6 16
723 885
634 742
712 850
626 736
479 540
578 715
