300 60
30 77
2 25
96 92
45 100
78 73
37 51
11 83
1 43
10 66
56 4
88 52
40 83
76 8
92 24
57 36
80 5
17 90
17 95
90 97
98 19
66 81
85 69
20 35
90 42
63 63
16 59
98 93
75 10
39 74
83 27
6 87
87 94
18 41
82 90
76 42
16 62
75 92
40 81
19 71
11 13
30 30
78 76
93 7
26 1
19 87
46 53
22 80
91 45
15 84
57 85
72 52
3 42
1 18
27 90
95 50
95 10
85 18
34 34
54 66
42 97
58 91
36 42
24 100
71 13
9 48
9 55
83 80
66 70
62 86
99 100
98 52
49 53
73 26
80 99
97 97
98 51
50 55
51 32
49 40
61 78
72 66
46 73
35 10
22 55
96 74
6 13
41 55
15 77
22 27
28 82
100 83
59 29
75 75
75 41
66 64
45 7
73 55
55 44
84 21
41 59
18 64
47 12
96 45
94 66
13 64
14 85
50 17
4 74
26 62
22 52
17 50
3 22
22 97
80 47
20 43
66 94
61 95
95 72
76 99
76 5
63 40
48 24
23 5
3 50
85 29
26 9
14 86
34 59
2 54
68 18
12 86
5 60
11 95
93 53
60 21
40 41
6 40
72 46
47 85
3 51
11 78
22 73
72 82
66 58
96 46
50 44
70 15
38 19
7 76
37 52
64 11
25 61
66 20
16 93
37 9
52 16
32 67
79 94
28 50
60 98
74 69
84 73
79 12
19 2
55 53
99 29
83 68
10 30
81 59
94 2
54 13
26 76
86 22
28 73
65 23
6 69
8 33
75 14
48 55
47 71
37 6
26 19
24 45
33 71
39 46
45 37
65 91
83 74
99 80
14 49
68 83
80 71
45 44
36 18
55 76
97 45
6 33
70 78
33 24
92 60
17 61
73 88
44 44
3 38
4 60
90 16
35 99
40 99
81 23
80 91
52 64
12 4
89 47
53 94
41 26
95 70
60 81
75 24
57 54
12 73
30 14
90 27
72 11
95 6
48 1
22 22
23 79
59 17
30 33
16 60
76 77
94 13
31 15
57 43
76 88
34 99
44 1
6 92
65 53
37 96
85 93
46 70
92 12
68 98
91 54
3 52
29 70
25 56
30 97
44 20
41 42
82 76
63 33
56 88
87 39
68 72
76 15
35 40
12 40
22 6
28 89
73 19
65 63
51 100
53 17
62 39
48 14
27 63
18 62
18 22
34 33
20 38
93 79
73 21
83 4
100 42
80 13
5 25
34 98
46 74
3 13
81 7
57 33
1 12
88 7
21 80
6 30
14 67
42 67
64 91
51 14
40 82
33 1
31 34
41 56
23 38
65 52
92 59
90 37
70 6
216 249
270 320
198 242
278 320
289 332
266 328
330 377
247 299
318 364
236 289
299 360
233 277
170 209
239 296
220 271
180 220
258 293
210 240
330 372
174 208
209 234
239 281
201 231
261 305
275 328
252 292
219 248
285 333
243 274
300 341
204 250
301 372
259 319
195 225
313 371
243 289
288 326
262 307
282 321
297 356
315 379
308 366
331 373
250 287
196 221
270 317
221 257
247 296
252 312
334 374
185 225
303 377
284 321
182 224
274 307
319 377
191 226
312 349
258 294
203 233
