300 30
82 24
23 34
28 78
54 25
67 22
26 31
43 72
58 36
77 82
91 99
51 63
54 59
89 58
59 96
34 18
12 12
26 63
12 21
57 37
92 96
4 33
5 81
79 62
68 84
70 81
93 52
37 4
67 71
56 39
19 88
57 18
66 15
58 60
64 47
37 17
94 72
87 25
75 20
34 10
35 47
80 10
93 2
59 65
70 10
57 9
23 57
89 30
95 3
97 6
69 80
68 98
74 1
45 26
56 33
24 82
91 32
57 54
83 6
34 84
15 64
51 71
94 81
37 7
12 99
42 38
9 34
92 78
6 84
11 31
69 8
20 58
73 17
41 49
50 49
94 98
45 57
84 69
35 79
93 15
91 59
89 17
32 80
80 41
91 81
71 40
14 4
44 63
91 67
42 70
30 64
85 34
1 49
52 35
12 67
53 55
2 95
14 38
76 21
53 91
1 16
81 92
50 79
20 70
10 9
21 90
87 98
68 7
78 91
12 2
9 38
1 15
65 42
2 86
73 97
78 89
95 6
85 38
54 20
46 43
20 73
37 70
31 36
92 68
78 4
68 25
29 8
28 22
54 65
82 78
65 82
5 28
39 10
16 46
44 84
94 79
35 69
41 11
79 100
17 22
43 36
46 15
44 61
30 22
27 37
11 75
15 4
12 13
55 68
93 83
67 84
82 82
83 59
70 29
37 80
46 88
88 12
95 61
14 85
47 17
93 79
42 90
31 52
6 30
9 36
12 67
30 52
50 58
80 16
93 16
86 95
100 81
6 65
29 8
56 88
69 48
70 79
16 56
12 98
80 26
80 69
76 62
19 32
46 17
59 73
85 76
59 77
70 11
85 29
75 54
58 5
93 5
100 72
87 15
30 81
30 23
79 75
77 36
86 68
95 16
71 60
38 43
67 83
46 65
96 9
17 75
17 31
65 82
62 67
53 78
57 63
6 82
85 17
16 53
20 30
11 56
53 72
65 19
12 74
54 10
13 79
70 92
79 72
65 45
62 19
1 92
55 94
70 84
32 77
30 82
42 71
64 16
66 4
97 14
92 38
3 22
29 1
73 73
21 10
86 34
72 59
60 9
53 83
91 18
44 38
78 88
23 11
33 34
83 75
47 26
6 88
31 18
4 41
30 84
14 62
8 22
80 54
56 65
28 88
10 19
36 75
49 79
78 74
6 84
60 94
41 74
99 25
27 17
13 5
65 51
77 17
94 38
21 100
46 39
18 92
44 42
44 14
41 7
79 56
3 91
19 86
42 20
25 33
99 85
34 3
45 70
73 2
40 84
94 60
82 61
80 53
97 63
5 82
82 11
66 49
83 65
66 83
74 81
86 31
48 99
34 99
486 564
441 502
578 679
445 509
669 785
603 707
652 792
530 622
577 686
680 760
463 573
509 621
370 442
615 710
570 665
621 712
605 712
581 692
589 688
422 521
621 709
371 432
369 445
569 647
613 744
437 540
586 712
407 494
435 498
433 493
