1000 100
26 7
39 27
73 40
2 53
69 84
75 10
82 2
7 99
40 5
90 71
25 76
54 92
3 81
75 95
19 70
31 71
9 51
87 96
84 28
17 8
79 53
54 32
44 38
72 97
91 20
70 98
33 72
18 95
100 89
53 58
58 95
93 13
69 34
100 80
60 17
5 39
94 59
73 24
73 98
17 71
22 80
92 44
84 76
76 67
81 95
37 61
24 46
34 49
42 99
55 76
98 52
7 26
53 37
51 83
10 19
21 12
6 20
39 60
42 39
42 22
7 54
16 77
7 62
69 95
96 64
26 38
27 58
14 68
84 24
98 61
3 73
6 92
23 79
56 73
38 69
78 70
18 42
81 33
19 81
25 63
23 93
55 35
21 11
57 50
12 3
25 81
46 34
14 99
69 21
65 50
59 76
82 4
51 72
25 29
33 16
48 17
82 94
69 96
23 95
66 9
4 31
46 45
38 6
74 62
63 36
81 16
73 54
67 63
16 24
93 10
65 18
17 22
36 88
14 27
64 44
90 80
60 45
58 84
81 17
89 55
88 71
75 65
27 1
61 88
92 67
7 71
95 24
73 87
39 59
70 27
39 28
66 38
97 10
31 45
87 90
7 28
20 7
83 62
47 75
5 88
32 94
87 53
45 94
42 82
9 100
62 85
72 57
33 99
23 36
61 49
55 19
97 54
65 24
70 96
54 1
24 64
25 84
21 92
84 2
70 62
29 32
72 46
83 66
43 16
9 67
34 93
24 75
80 77
89 19
2 72
5 69
78 70
37 72
88 82
9 95
26 73
24 78
10 48
65 40
69 27
68 23
45 25
1 53
88 83
85 84
65 92
64 21
18 82
64 93
45 81
67 88
61 22
37 9
37 15
87 28
38 19
43 94
2 58
91 80
91 22
89 100
85 26
2 66
49 79
100 2
95 100
46 73
57 70
92 24
40 64
93 98
50 9
10 36
1 15
95 95
96 71
44 57
86 86
13 52
48 15
52 16
71 20
5 15
94 8
41 56
2 47
43 98
67 57
50 53
5 100
92 23
96 55
80 82
36 87
76 33
50 92
74 36
72 23
6 21
6 15
52 52
53 54
75 99
92 16
90 51
84 12
96 91
46 98
54 91
26 39
86 28
43 7
23 66
81 39
34 11
45 32
73 36
68 9
84 47
67 46
25 20
51 19
59 50
1 53
25 80
77 83
78 91
73 60
71 79
1 65
4 9
49 48
74 30
99 85
59 42
56 54
99 85
69 17
89 42
86 28
77 54
20 92
17 11
28 74
99 32
19 11
6 71
2 76
91 80
49 87
6 81
27 64
61 32
39 9
84 89
60 20
1 29
60 56
32 27
4 48
73 17
42 97
60 54
91 46
38 9
53 56
38 25
32 79
83 80
21 88
68 28
25 100
44 43
37 22
54 13
74 53
1 23
44 33
22 74
45 90
36 29
26 65
64 10
9 40
9 21
72 50
44 17
51 79
98 74
28 36
100 71
21 90
14 79
55 80
100 68
23 79
7 31
100 75
27 28
26 11
12 5
90 91
70 58
86 22
62 33
38 76
76 100
9 5
37 94
19 69
55 44
12 21
91 77
75 43
64 7
64 80
100 1
84 86
69 82
63 50
47 62
37 19
60 40
14 95
60 88
61 88
73 39
92 33
59 49
14 18
34 25
91 63
9 58
47 38
76 85
73 34
35 90
67 99
15 51
22 71
54 13
75 69
87 16
14 58
100 77
92 3
22 50
18 66
39 73
91 50
72 42
81 59
33 12
12 49
2 5
3 97
91 50
27 81
55 37
73 16
65 78
80 29
79 15
49 68
69 19
23 5
19 45
48 46
33 6
40 3
39 85
67 37
75 31
44 61
83 59
90 48
99 29
63 13
29 52
50 32
7 39
62 7
6 43
84 13
53 73
99 10
66 19
34 63
73 10
54 75
67 9
51 33
4 52
48 33
10 45
25 34
76 75
66 83
98 61
47 54
99 57
61 69
36 80
34 49
55 95
90 9
45 47
34 47
83 77
71 84
63 60
54 78
55 25
13 21
50 64
81 11
69 34
25 41
87 89
39 43
33 9
65 26
94 1
82 91
47 10
2 65
69 33
28 13
20 46
3 61
18 26
97 66
24 3
99 34
20 61
62 81
61 76
81 53
67 71
33 58
95 77
74 69
77 28
2 29
65 28
28 21
68 86
54 87
12 79
11 52
54 72
54 89
90 85
62 4
13 15
50 81
87 54
21 5
69 88
70 19
25 32
17 80
70 59
79 47
14 80
87 90
95 65
79 96
33 11
5 50
55 64
56 70
37 3
65 88
14 49
73 39
97 3
6 28
31 80
22 86
14 77
61 18
26 72
46 41
69 98
55 80
90 82
79 78
1 77
82 98
47 21
83 53
91 50
72 66
89 98
43 99
58 18
51 67
90 27
29 30
77 75
77 95
12 87
41 42
4 60
26 85
43 30
4 38
41 22
57 64
84 80
49 33
34 3
67 6
76 8
36 76
77 65
78 11
15 36
75 27
40 22
12 39
89 33
24 59
68 81
85 43
30 37
78 11
51 71
85 14
27 30
86 74
35 93
28 17
57 66
50 14
37 40
29 41
9 97
4 85
55 9
22 36
80 15
10 10
27 91
47 18
57 9
9 54
56 17
76 62
2 9
77 79
53 29
41 94
97 42
51 10
22 27
58 8
39 61
12 10
52 87
96 90
65 68
72 20
69 6
86 28
36 40
21 95
21 77
38 86
88 74
73 35
7 60
89 40
6 26
43 79
71 41
96 68
85 84
10 47
29 9
58 23
8 94
18 75
80 70
15 85
48 83
18 81
94 97
39 1
57 80
8 37
28 93
43 35
23 69
89 21
94 63
36 48
5 53
84 39
54 38
70 56
5 64
44 15
47 99
28 9
94 92
38 25
67 82
68 44
23 10
34 45
10 30
88 62
82 78
87 21
80 56
22 93
61 73
77 48
45 39
71 82
37 59
83 60
86 61
84 8
89 38
90 52
78 27
32 17
27 61
47 96
31 76
58 24
25 32
57 1
88 91
42 59
72 3
63 90
30 37
1 59
31 67
100 99
34 11
56 5
12 90
29 7
52 28
95 32
3 5
38 14
41 10
11 32
11 26
16 33
71 6
50 79
32 82
52 9
61 97
95 98
3 5
18 60
72 38
2 70
80 52
18 60
18 76
22 71
8 83
70 96
75 5
82 46
90 31
96 48
18 1
94 12
7 31
7 53
96 27
1 70
72 1
62 90
90 25
32 14
21 5
24 9
47 86
92 88
59 5
15 29
61 75
92 93
55 7
16 26
39 41
11 72
70 79
18 69
20 32
63 82
21 94
16 53
33 84
90 27
8 54
89 90
76 60
18 46
16 84
54 99
86 89
42 84
69 43
35 86
21 17
82 59
79 7
88 25
81 72
68 50
78 8
60 2
47 31
50 73
59 6
63 11
46 72
20 53
22 16
8 51
60 69
92 69
64 45
89 34
8 78
61 73
48 48
87 79
24 60
53 56
88 50
43 28
25 87
45 94
52 17
64 58
11 32
24 44
10 31
22 60
20 100
76 61
87 2
48 21
51 39
74 73
80 16
30 26
27 5
40 6
100 31
63 69
13 81
26 75
16 16
100 1
15 38
82 14
76 46
8 76
13 44
99 86
10 19
58 12
76 99
19 42
81 40
56 40
46 5
96 37
70 56
42 15
86 74
36 90
25 20
30 20
6 56
58 21
30 16
12 32
54 97
25 77
74 70
34 5
94 98
8 31
92 69
61 82
94 73
39 68
98 64
42 29
36 54
38 37
22 24
15 99
81 25
93 66
42 75
24 40
18 30
8 38
35 16
96 45
74 26
48 79
10 79
52 27
85 39
79 16
26 1
76 15
32 12
59 39
29 87
23 48
60 44
17 11
46 95
73 44
42 20
91 27
82 32
45 24
14 65
8 83
58 19
55 77
23 76
47 25
27 29
16 41
23 50
95 22
35 76
82 8
36 27
73 22
90 58
15 79
62 79
64 49
28 64
88 12
20 33
34 87
72 13
56 57
17 8
13 19
62 80
39 60
75 71
36 14
92 4
42 97
55 75
18 97
64 31
81 53
35 66
33 59
5 72
71 54
6 10
60 35
67 32
44 29
57 43
35 87
65 27
11 44
50 81
76 40
81 84
28 68
68 44
4 38
96 61
35 84
35 76
49 18
84 45
44 76
51 48
92 66
53 41
70 49
11 70
50 61
89 57
70 42
58 6
70 10
36 29
72 52
16 3
13 99
100 91
7 51
6 62
67 70
71 52
59 93
23 6
94 79
75 1
1 16
22 55
11 28
56 54
2 28
94 64
37 54
56 15
6 45
34 82
41 7
86 1
92 95
35 1
26 65
30 63
8 9
45 44
69 27
82 6
48 4
100 96
55 26
24 56
87 19
37 31
82 23
75 28
64 1
20 3
47 14
92 43
63 55
33 59
100 34
10 25
99 21
36 61
38 25
78 7
12 42
420 484
395 478
592 685
468 525
465 523
607 719
628 739
481 595
555 635
604 708
663 758
432 498
471 559
402 456
408 458
516 616
631 706
403 460
499 565
644 755
397 490
606 686
562 665
431 505
634 769
614 747
449 507
610 696
615 759
534 605
362 432
459 558
612 753
380 437
425 490
457 518
640 720
558 630
416 490
410 461
611 733
549 679
525 589
359 446
634 769
500 581
543 664
432 512
493 552
385 435
367 449
585 692
612 686
552 647
397 454
497 600
494 566
551 650
479 595
571 650
383 430
674 770
627 775
379 430
478 565
493 578
569 701
541 607
414 498
565 685
424 519
602 742
439 529
547 649
483 577
520 615
550 665
430 484
594 715
510 575
377 435
611 705
388 482
481 589
455 537
376 446
448 528
391 460
401 455
608 706
676 764
578 703
380 455
495 598
600 717
630 724
492 604
625 732
372 456
611 709
