1000 100
40 80
25 28
41 20
68 94
1 90
63 44
70 20
29 71
65 77
39 16
6 68
13 79
97 92
1 89
49 18
86 19
42 100
80 44
35 63
51 18
21 7
2 9
14 20
28 36
49 80
93 62
31 83
28 86
28 93
18 30
62 6
24 41
74 90
9 87
61 45
31 2
62 14
58 86
100 6
39 10
49 21
98 94
59 34
85 88
96 67
90 58
84 3
45 63
73 100
53 50
79 66
81 47
43 34
96 28
93 47
8 24
71 86
46 20
12 24
33 90
49 86
50 25
35 64
19 27
81 98
61 89
11 93
51 33
24 37
78 81
36 100
70 42
93 78
79 58
11 6
40 85
37 78
13 74
40 66
81 99
20 7
34 95
88 79
85 56
11 93
66 10
72 70
2 74
99 15
36 37
24 45
59 80
100 63
65 34
68 49
94 7
67 61
63 52
15 65
91 54
12 89
7 54
93 62
20 2
28 15
100 21
77 75
80 44
85 39
24 14
41 3
4 11
18 4
53 7
22 48
93 7
74 16
16 36
94 46
33 38
15 71
61 69
63 24
5 91
25 51
15 87
99 70
4 21
76 27
23 46
6 39
80 64
85 74
76 20
39 54
46 96
47 73
59 66
59 80
7 47
16 78
15 96
63 54
39 62
30 46
66 24
67 43
92 77
66 98
69 51
9 63
72 73
12 72
85 49
22 89
15 75
85 83
87 20
65 13
6 16
57 71
9 99
56 68
67 77
65 61
27 8
13 54
90 58
85 8
46 8
97 65
56 13
36 42
31 31
59 24
25 4
26 29
23 23
62 6
50 58
50 89
21 86
43 21
90 93
51 57
30 31
98 84
62 83
89 92
53 36
49 68
19 19
14 16
45 62
77 94
96 12
83 82
20 92
49 22
82 75
91 97
54 54
64 11
3 79
89 18
93 99
85 64
44 63
89 12
82 41
95 76
34 41
14 40
59 65
46 94
19 20
24 11
49 6
63 68
27 60
75 88
29 74
93 24
82 100
79 27
25 100
51 93
33 63
89 93
77 34
2 26
51 89
55 7
40 84
25 24
90 67
1 57
49 10
10 3
27 59
57 89
9 33
34 32
70 61
91 21
64 78
98 77
14 87
27 43
72 91
35 79
15 82
92 43
54 64
97 33
27 89
96 19
25 75
15 80
16 53
86 55
67 29
32 3
17 4
64 70
31 71
42 67
90 89
67 59
73 38
5 12
79 79
56 4
85 66
46 39
25 61
80 95
7 24
20 37
39 26
46 83
98 96
72 89
44 8
99 62
15 85
72 79
26 81
72 67
71 59
33 18
64 97
58 14
95 50
59 79
68 42
98 84
63 38
77 10
18 82
8 95
6 52
73 34
100 73
80 7
59 10
91 93
54 32
37 52
63 9
5 29
51 12
60 50
32 26
68 90
92 26
5 87
85 88
79 87
17 72
1 76
25 26
32 65
88 18
57 67
88 1
79 35
59 21
58 7
62 40
12 94
18 57
89 89
35 24
1 57
37 25
83 27
14 25
63 94
6 52
79 7
10 97
65 50
30 33
44 33
68 63
43 6
23 80
51 36
6 14
3 28
95 29
86 25
13 25
57 64
13 77
44 75
98 94
49 1
99 20
81 82
19 1
15 43
9 16
28 80
19 29
21 67
86 37
53 39
15 88
24 5
32 67
93 99
76 4
77 42
93 1
66 78
88 49
30 15
34 34
69 13
38 66
89 7
75 21
89 74
84 90
74 29
26 86
46 54
11 22
13 71
73 12
18 85
9 58
99 95
92 99
87 20
27 91
60 87
46 99
12 9
91 61
66 9
87 68
91 96
55 52
16 33
19 82
40 24
78 5
71 68
39 18
68 75
27 60
39 52
30 47
67 55
70 49
52 20
64 57
46 45
60 72
94 96
41 91
53 47
4 43
65 92
57 49
45 78
28 72
48 19
34 24
25 91
70 32
70 38
54 46
75 79
11 81
82 57
92 2
73 69
47 76
35 71
23 18
61 85
48 15
68 50
25 8
44 69
100 59
53 87
86 69
4 87
59 17
48 68
11 8
40 64
46 83
36 9
93 54
97 86
38 51
55 30
11 47
11 72
12 86
34 55
65 7
7 12
46 61
75 4
88 77
11 19
50 95
87 18
47 48
90 38
13 56
84 21
16 71
38 69
12 93
19 47
71 58
39 65
80 42
78 64
63 73
85 50
2 77
83 48
35 3
92 83
98 61
76 72
36 89
76 6
35 35
96 85
2 38
82 30
67 29
79 45
68 25
97 17
76 70
18 37
85 60
41 78
99 35
40 14
86 9
80 66
85 48
30 23
58 89
63 47
68 12
98 62
85 22
96 99
7 98
13 70
17 9
49 95
23 58
45 8
13 73
76 2
40 43
93 79
28 96
44 69
80 65
91 35
91 77
15 31
34 46
29 72
59 79
28 42
3 61
26 83
37 87
83 27
65 49
32 89
43 65
72 82
60 27
8 53
55 70
44 39
21 82
70 98
77 88
55 40
90 74
17 41
31 24
81 81
52 9
51 32
24 89
28 47
63 45
1 18
58 73
89 1
98 67
90 12
21 84
3 36
79 14
32 98
77 94
24 36
79 66
31 69
38 81
11 61
44 78
15 72
55 40
36 86
31 29
52 13
2 54
36 32
39 95
23 99
47 75
42 3
47 16
4 80
41 24
63 3
72 27
35 58
33 34
47 65
36 95
49 27
42 83
60 15
26 62
32 83
76 64
32 77
38 66
36 44
71 58
77 81
41 23
52 67
24 86
44 20
94 14
3 2
56 26
97 39
91 70
65 5
38 77
74 70
62 45
22 69
99 34
16 71
83 3
15 27
49 67
76 70
24 1
34 20
50 39
71 8
27 98
46 63
78 83
61 84
32 98
97 79
2 57
88 40
17 75
60 34
71 38
64 24
89 77
72 31
34 10
48 25
66 75
77 24
23 38
43 13
14 35
45 54
76 20
71 85
81 30
44 1
84 28
1 55
59 26
29 97
1 41
41 40
71 50
84 36
92 23
8 19
73 76
24 45
82 6
60 67
3 27
19 94
36 36
11 96
91 16
3 95
91 58
52 29
38 67
53 83
52 15
2 9
85 87
93 9
47 11
2 77
48 44
47 22
71 23
5 89
30 16
24 10
2 74
92 99
75 67
59 88
2 22
16 87
88 95
51 48
16 2
88 11
39 73
31 37
25 93
30 1
58 96
65 41
42 14
22 19
2 64
44 15
28 29
25 50
100 65
87 45
97 70
2 47
31 50
96 66
21 82
69 87
41 75
67 65
38 22
37 14
72 64
52 31
30 72
85 28
77 49
18 71
24 53
79 98
48 46
73 96
67 64
90 5
88 33
13 57
18 55
40 66
19 16
74 42
73 90
87 63
5 7
46 9
99 66
60 73
84 58
81 37
36 90
89 19
98 45
17 88
94 93
34 47
38 7
59 1
34 4
83 81
40 39
20 12
22 79
83 85
85 15
82 55
33 66
6 65
20 84
42 38
71 19
43 10
70 24
70 76
32 53
35 70
47 46
69 37
19 56
38 39
52 48
2 62
32 43
2 39
35 7
50 18
50 41
23 5
85 84
79 49
40 52
88 21
55 92
33 35
53 19
71 27
59 59
26 75
52 85
97 29
67 82
74 49
8 88
62 27
16 10
93 83
88 99
45 27
45 92
88 20
89 70
93 12
89 14
17 51
56 15
72 59
92 47
99 97
67 42
82 4
96 83
24 96
87 75
90 60
26 37
89 77
24 69
39 51
77 87
28 54
20 73
63 35
18 6
3 64
58 12
8 29
10 25
27 83
14 59
36 23
63 58
81 41
95 97
33 20
9 16
62 100
91 34
24 32
80 97
14 22
62 61
99 85
12 14
32 98
68 61
22 100
41 10
61 21
11 12
31 86
34 60
16 96
56 21
46 7
27 73
10 20
29 70
54 57
46 8
28 17
85 61
55 5
9 24
68 38
95 97
22 61
64 98
99 98
4 10
48 32
22 36
5 7
41 49
37 18
100 12
31 20
12 25
96 20
82 27
4 74
72 66
79 55
24 50
84 63
36 42
48 72
52 63
30 51
46 19
33 48
70 44
9 12
52 82
46 61
9 55
78 39
16 22
86 62
44 43
94 93
87 75
92 48
13 83
67 38
82 35
2 65
98 16
95 12
11 34
89 61
85 73
36 58
13 12
99 68
40 51
3 17
8 13
67 54
93 5
48 99
88 31
74 87
2 39
62 8
35 43
10 16
42 5
29 12
88 99
68 82
5 6
4 99
89 18
8 33
24 47
86 31
10 75
6 64
32 82
27 2
2 91
21 27
57 65
66 73
7 8
8 76
40 84
35 77
78 76
13 2
55 33
58 60
28 20
96 88
23 64
98 59
24 17
61 2
16 96
66 55
65 90
72 88
3 74
3 96
90 35
25 23
45 99
98 27
64 88
67 51
80 72
79 91
6 72
9 83
77 87
22 71
96 98
8 27
28 15
75 72
81 19
516 584
596 686
629 734
558 690
569 678
418 497
399 492
477 587
567 649
562 639
545 642
643 768
566 634
449 511
645 735
424 491
443 496
459 542
546 646
590 662
633 724
418 518
516 633
396 465
437 523
514 617
561 661
469 536
477 561
525 612
441 535
551 664
540 643
635 752
435 539
412 505
538 636
599 698
609 743
621 704
445 511
583 666
631 722
443 517
439 503
382 428
420 507
565 649
621 703
416 469
456 528
361 433
562 662
473 531
519 610
485 544
484 595
400 449
349 431
634 757
502 563
389 470
455 535
401 489
413 499
449 543
370 451
541 635
443 518
546 630
445 547
372 428
447 501
633 733
400 455
627 715
440 500
473 549
415 468
679 770
465 577
615 723
612 686
403 471
523 642
580 706
349 425
418 506
601 711
471 571
513 589
380 433
460 571
494 605
378 460
529 598
569 669
512 611
644 760
677 771
