300 30
26 35
87 38
48 32
45 83
2 72
50 13
33 52
45 40
52 66
48 34
39 29
69 73
6 47
44 84
48 89
49 16
20 81
53 1
99 98
15 34
100 92
10 52
90 56
7 46
80 8
79 80
30 32
17 27
49 5
18 60
32 4
15 51
25 97
70 40
47 36
69 99
38 80
30 58
23 55
77 49
30 85
36 49
52 66
41 47
31 88
38 36
92 81
49 18
60 18
35 68
25 69
38 72
79 9
50 50
18 67
70 80
17 89
41 47
58 2
13 80
72 26
90 29
68 38
97 76
23 15
18 36
44 75
70 99
45 48
65 15
29 49
14 43
83 12
25 11
51 67
97 49
23 48
10 90
21 64
92 14
16 87
99 20
28 76
45 56
66 38
22 99
60 24
5 78
6 45
12 13
60 53
10 96
58 20
21 88
36 12
73 46
92 31
15 98
17 37
57 89
12 28
35 84
90 22
28 83
58 37
100 49
57 52
88 71
18 82
66 21
66 69
80 15
55 25
42 86
9 71
10 74
85 17
17 13
45 51
75 53
16 4
18 73
54 90
57 56
64 21
87 23
100 8
31 17
95 70
8 60
25 41
65 54
23 80
65 65
92 81
22 4
91 51
68 19
62 20
52 100
48 32
76 93
5 8
60 54
55 41
69 67
28 81
7 38
1 54
75 42
64 97
98 68
1 46
65 98
38 28
72 13
54 78
36 33
73 36
80 61
21 54
78 50
64 41
70 19
89 92
53 1
91 68
42 47
90 23
77 63
56 24
82 63
69 5
75 98
6 72
98 75
93 9
98 84
10 66
41 11
10 6
19 75
28 93
69 94
73 55
77 79
1 42
29 74
7 90
32 90
89 64
15 30
96 31
59 42
56 48
86 81
1 13
34 8
57 81
82 4
82 6
88 95
6 39
18 19
75 71
73 73
10 67
6 84
25 44
55 8
44 84
57 94
64 68
56 35
8 22
37 50
41 41
84 11
54 66
94 78
78 12
49 64
38 92
83 23
90 25
10 56
4 80
45 49
27 14
9 70
73 5
83 21
31 41
5 75
3 75
59 48
45 38
45 20
94 4
31 88
11 60
36 32
82 22
85 90
4 17
76 12
36 87
41 25
12 66
61 17
77 30
20 61
9 11
74 81
32 71
23 59
18 14
13 4
77 76
93 9
32 22
81 91
94 35
64 29
81 63
40 75
18 10
79 19
61 24
43 10
57 67
13 49
61 32
33 22
49 46
47 11
94 89
71 89
29 88
55 100
68 100
22 46
35 69
22 24
34 90
85 43
41 23
93 37
96 12
79 55
28 76
13 50
94 81
42 46
81 33
97 25
39 76
94 63
99 42
86 66
414 503
452 528
541 616
570 642
489 592
420 505
413 469
593 714
404 478
406 490
503 605
363 436
608 754
550 647
576 671
361 442
443 537
641 746
356 423
488 573
587 708
557 679
568 692
578 670
534 603
539 657
360 425
548 664
580 680
385 443
