600 60
75 89
56 100
26 79
20 85
22 43
75 66
69 64
68 88
20 60
1 46
62 42
35 43
45 67
88 82
88 16
28 83
84 36
3 11
98 57
88 12
52 99
90 91
44 35
25 2
39 91
16 16
92 18
21 29
27 37
36 2
32 21
26 37
20 41
73 51
12 52
42 11
17 2
15 43
21 65
73 89
98 31
12 56
37 37
42 20
85 18
13 8
28 87
17 27
74 22
64 17
30 8
96 38
58 53
3 52
53 18
38 99
25 44
98 74
64 38
84 28
53 98
84 37
42 14
41 41
89 32
80 19
88 83
25 8
98 96
84 32
53 29
8 90
59 38
9 24
59 43
7 45
79 11
91 73
38 49
92 70
12 2
82 87
27 73
78 23
57 20
82 24
27 86
50 81
98 84
52 100
34 68
27 87
94 91
68 15
65 98
85 34
42 82
19 30
33 24
66 97
83 6
50 78
3 44
13 81
98 47
69 30
39 76
64 14
86 95
79 14
57 50
45 69
19 23
39 64
18 46
67 95
62 1
54 57
11 45
87 81
40 88
41 49
32 12
73 11
41 49
53 36
95 26
39 94
55 11
21 28
75 3
40 53
48 41
22 74
6 37
19 87
84 92
3 61
42 41
44 79
97 79
68 73
59 36
3 15
68 71
3 2
97 90
77 36
11 88
26 27
27 94
86 27
76 1
35 9
82 13
9 86
88 20
73 46
36 84
57 97
54 78
21 93
26 31
92 11
25 56
37 15
3 83
89 65
81 50
81 96
79 83
83 5
70 62
61 100
5 13
61 76
34 9
57 45
3 68
69 23
65 6
9 71
54 11
56 12
85 90
7 74
52 41
15 49
2 25
11 95
55 45
29 52
42 53
50 65
54 61
40 57
19 9
69 12
88 82
28 4
26 61
17 100
96 34
29 82
5 52
73 74
57 59
78 24
70 22
55 39
24 80
16 35
88 66
73 70
13 53
62 21
99 53
11 72
48 17
68 57
16 3
66 43
23 3
13 25
48 33
84 30
100 2
49 93
29 90
93 82
49 46
66 11
41 13
21 53
7 28
86 62
85 70
94 36
55 53
39 73
8 71
31 58
70 90
75 19
41 77
90 98
64 99
87 7
73 30
30 37
47 80
97 27
40 76
3 24
34 42
84 7
38 57
73 80
71 81
95 48
46 40
88 9
32 51
82 54
24 14
76 88
47 65
17 7
85 74
66 88
55 74
13 37
33 33
93 43
47 81
13 93
92 53
3 99
65 8
19 56
43 16
87 62
41 71
18 89
91 24
55 48
91 94
64 1
54 71
72 57
57 73
61 87
37 1
51 47
16 55
41 27
58 52
55 62
100 68
85 78
99 47
31 90
83 36
17 10
83 6
90 48
57 65
84 29
14 6
51 16
60 55
48 43
9 43
98 39
82 96
9 72
14 92
99 40
87 39
22 25
80 33
52 95
44 55
27 16
23 21
64 11
5 69
28 81
98 13
24 56
69 18
17 11
97 99
27 22
35 15
56 98
37 7
46 14
30 62
37 24
63 18
93 50
91 94
69 98
34 79
80 100
55 79
37 46
77 39
59 1
83 19
94 73
95 59
60 11
33 97
98 44
38 1
8 95
79 53
55 63
65 20
84 8
37 21
78 4
1 40
37 79
42 68
32 64
100 63
50 8
84 30
56 44
13 15
76 42
46 19
63 19
99 7
30 7
5 16
2 2
22 4
66 69
61 30
44 33
80 28
71 64
39 2
52 39
5 69
63 11
90 8
28 72
9 24
27 31
26 9
81 24
39 84
9 90
19 13
83 11
99 58
77 69
98 6
10 80
70 28
53 13
59 87
32 96
86 19
70 31
11 21
8 80
53 21
88 60
79 57
78 58
19 23
46 81
57 30
10 13
13 74
27 90
59 20
57 35
6 93
7 74
55 13
75 78
69 80
87 69
35 22
99 40
95 65
46 20
34 66
43 55
16 16
44 27
20 56
45 91
86 63
97 86
78 75
2 68
57 57
6 76
100 1
67 61
46 69
26 93
36 21
42 84
70 4
42 10
94 11
46 67
10 99
92 90
3 4
99 47
47 68
68 29
47 80
99 19
9 98
21 48
39 18
99 65
50 23
82 61
13 34
22 16
99 63
7 98
89 37
42 30
43 15
26 23
13 26
51 2
61 16
95 50
16 27
2 33
64 79
14 62
82 56
85 16
48 93
22 80
60 82
73 27
51 59
8 26
99 4
71 70
22 15
48 71
11 89
22 87
47 23
36 3
80 30
77 7
75 41
3 99
95 70
68 62
38 79
95 72
72 32
22 92
9 7
66 53
55 84
45 75
4 14
40 2
65 39
80 81
26 61
91 96
78 94
82 77
62 59
34 15
89 20
73 12
66 69
97 97
59 56
8 94
51 57
24 61
64 2
54 17
99 36
55 15
46 48
55 29
98 85
6 26
18 12
78 47
5 95
79 87
61 78
49 3
20 80
10 68
39 59
16 29
32 31
43 48
66 98
31 95
11 19
99 42
51 56
89 79
89 58
35 27
100 79
72 43
97 95
7 58
24 85
66 35
6 99
75 50
86 64
95 86
80 6
40 86
17 60
79 81
34 66
69 39
58 96
79 89
60 88
87 95
22 81
90 83
31 50
14 98
30 22
40 39
43 34
2 84
42 94
33 31
77 7
47 48
8 69
25 95
93 23
57 33
73 6
2 86
606 735
557 685
588 704
542 633
444 539
512 634
643 743
423 496
629 767
413 507
406 489
417 509
631 736
430 514
702 788
624 720
388 467
418 487
386 470
420 520
642 755
554 627
694 780
476 561
648 746
550 634
587 713
398 463
598 715
516 608
665 744
617 713
520 635
415 505
468 531
529 619
677 781
543 626
455 538
387 434
554 664
615 733
514 591
614 758
498 584
580 665
667 781
602 725
425 478
466 574
649 755
550 661
487 596
542 630
541 614
488 582
609 710
479 580
411 503
666 761
