600 60
54 92
92 20
78 75
1 60
64 36
12 8
80 39
56 15
24 68
6 27
57 72
3 31
45 47
85 87
48 3
89 30
70 13
70 44
78 20
93 11
31 82
20 61
21 5
68 6
82 49
59 41
30 35
21 76
38 31
41 82
28 99
4 30
14 54
95 32
17 17
19 33
29 12
25 2
39 32
79 94
45 70
83 21
29 69
98 75
62 44
52 1
14 18
95 3
60 76
92 8
100 98
99 22
37 28
100 16
43 69
64 28
51 71
89 4
18 37
88 43
3 18
33 42
11 66
27 2
50 5
65 40
44 8
82 5
16 93
7 94
18 6
82 21
47 68
31 81
47 22
30 83
29 74
53 77
3 95
52 7
83 13
21 9
56 91
70 85
83 78
79 77
31 46
35 36
99 28
51 92
18 90
84 94
66 51
58 7
22 78
6 59
79 38
60 64
41 62
58 67
14 6
4 29
19 25
61 66
30 42
8 98
92 69
58 98
97 12
53 73
68 48
16 5
6 44
21 96
100 31
41 73
81 76
95 91
53 94
33 19
73 65
35 45
97 86
31 31
45 86
67 68
13 6
73 11
68 27
85 5
69 12
40 7
29 94
20 84
53 84
88 4
29 33
10 9
48 23
32 70
60 91
60 52
35 81
29 23
21 89
81 47
6 14
32 22
13 75
74 86
99 71
37 62
22 44
69 75
49 15
12 37
96 100
26 83
12 84
91 95
2 9
75 27
50 50
15 72
98 58
13 64
42 55
39 65
87 92
25 84
11 70
90 86
62 51
49 81
81 83
68 18
10 56
90 9
33 93
6 53
100 99
35 22
12 94
85 78
49 20
14 58
51 51
1 39
24 75
44 45
2 35
60 98
59 27
84 80
69 59
78 57
66 26
1 94
71 18
91 41
95 59
54 96
99 57
55 9
76 70
33 38
49 90
11 59
58 89
76 49
21 27
70 11
79 94
38 78
78 19
45 31
68 1
50 80
34 95
12 32
87 73
95 76
69 33
42 25
17 89
71 33
20 49
90 35
12 66
8 78
33 22
95 36
18 77
21 87
1 32
3 33
12 23
57 11
29 9
13 19
32 82
60 43
76 82
46 9
19 57
60 76
74 62
77 31
43 20
6 87
55 77
82 2
49 78
26 88
99 45
99 91
69 87
46 54
7 39
93 58
4 11
55 72
30 85
55 25
87 77
68 82
24 45
30 40
55 92
39 28
88 6
95 53
46 51
44 31
30 40
61 8
91 22
47 5
82 15
6 63
84 55
85 82
79 54
69 44
32 70
10 99
60 74
53 83
42 74
50 49
90 28
82 62
12 83
17 57
40 16
52 42
18 78
52 93
30 33
38 63
30 42
97 81
96 82
57 10
7 86
36 77
65 50
95 74
59 33
80 17
51 96
20 48
30 60
9 27
15 62
28 2
36 77
47 98
100 8
47 42
55 53
37 56
46 34
42 72
37 36
12 24
8 90
49 57
98 66
91 87
9 51
83 5
9 52
61 81
58 96
45 97
62 97
44 73
61 30
66 19
72 27
53 94
41 63
93 14
49 97
12 35
17 36
23 2
60 56
89 73
49 80
96 88
70 52
5 19
56 58
21 3
6 16
13 45
56 31
67 65
48 9
35 34
53 58
76 100
77 100
2 9
61 18
16 59
34 97
24 85
91 53
46 45
69 96
48 62
56 50
52 84
73 63
32 48
76 25
57 45
43 29
48 74
6 82
87 3
26 84
45 60
39 35
21 60
100 66
93 36
78 3
38 74
20 4
57 42
74 46
13 58
20 39
98 14
93 61
46 14
56 6
64 69
23 74
33 44
38 90
52 91
52 57
19 33
36 21
42 74
73 23
95 78
77 2
82 26
65 52
87 61
81 22
46 82
6 76
36 28
16 23
83 16
98 50
40 22
93 78
24 81
16 68
9 97
9 63
44 41
96 90
75 30
38 63
68 23
52 36
50 56
27 20
43 23
58 72
95 6
53 26
59 29
11 95
44 22
43 66
61 9
99 52
71 63
5 75
81 97
73 90
85 21
90 55
85 42
88 28
85 10
39 72
16 62
66 8
20 37
3 13
2 86
85 60
23 36
66 69
57 83
91 13
72 6
49 67
94 64
67 21
73 17
63 13
93 83
85 50
2 46
2 6
74 4
35 33
82 70
77 55
3 66
82 24
53 99
55 61
66 5
49 68
73 40
14 54
36 42
38 32
92 42
69 77
74 8
37 17
8 29
95 25
78 31
64 53
7 93
60 10
66 49
33 31
91 51
94 88
36 90
5 15
20 46
31 93
56 60
21 97
99 31
30 52
72 5
25 6
37 94
28 21
39 50
14 97
42 26
14 36
42 60
99 32
52 44
2 74
22 59
17 11
78 59
53 5
79 76
13 45
1 50
18 80
53 8
26 54
23 29
10 40
99 93
40 16
29 98
26 21
68 72
73 38
52 70
42 88
10 17
79 39
86 98
57 28
15 70
93 97
52 92
48 95
90 52
45 11
72 31
48 47
3 5
41 4
100 58
76 83
80 3
91 91
10 19
80 56
52 83
76 76
78 13
32 35
31 45
36 69
90 31
39 12
94 12
8 70
27 87
38 73
14 35
64 24
65 82
82 53
48 80
71 99
26 97
42 7
74 26
33 67
21 44
62 50
67 15
32 46
46 47
77 41
82 44
7 82
13 64
41 52
59 72
72 80
69 60
527 626
515 629
393 443
451 552
397 473
406 475
400 466
534 602
366 434
392 467
616 742
620 721
508 593
594 672
471 542
364 421
520 629
463 552
503 567
543 613
654 735
611 723
421 507
628 754
432 508
365 420
606 695
498 611
395 458
354 418
626 735
376 459
574 674
624 719
440 536
473 530
581 658
535 642
456 553
506 629
554 679
365 453
493 561
501 609
582 700
508 586
562 636
475 545
575 669
470 533
436 539
423 502
349 426
535 665
408 458
603 720
460 563
606 733
446 538
531 617
